Total Rainfall (mm),WindSpeed,Humidity,RainTomorrow
-0.03699203974544905,-0.7769697908416227,106.95809386704695,0.0
1.9155699539519238,6.404834164612727,84.37012425888102,0.0
-3.8769571772628506,1.2066966443909597,45.059563789000904,0.0
46.36904034029794,13.77068879968741,63.599191802926484,0.0
-2.7548740200247925,5.830418373032115,94.4846718778622,0.0
21.86578732136064,11.74245757554735,61.40257833545234,0.0
0.27118797606826095,10.092319252735209,63.14222173320537,0.0
-1.671441892485456,1.3657369586034849,106.51469039158516,0.0
2.240548359332406,17.25038110182126,31.43131175258517,1.0
1.1415640360360844,7.571260078927137,95.153551712997,0.0
9.321290900436166,5.4558630926325975,74.65837611498354,1.0
11.529974860124113,6.90536222956548,93.33065383863996,1.0
-0.7632919259795719,11.242692659743092,90.60739888136771,1.0
-1.360254338076066,1.227677278684809,99.49325027889782,0.0
4.211955162072897,1.5832031242424,69.94919190450608,0.0
-0.6075023134198514,3.055403479165327,85.51808169385153,1.0
-2.4264402162964034,2.593324866865384,86.00538483892315,1.0
-3.104067236936174,14.109540701341153,44.901852047508456,0.0
-5.788330531981976,6.366606300880992,67.81827504321771,0.0
2.65940312661463,5.047276141236054,97.03898385244939,0.0
-1.6114878388753455,11.765644896403431,100.81510940581559,0.0
-4.0779297453116286,0.5921614959544583,100.37332917408384,0.0
3.11395442627414,16.134486301376427,60.642310263151415,0.0
2.649408794740307,7.13189359906299,85.31485399013658,0.0
-5.28474111635602,23.128404355147516,84.74281989077436,0.0
5.7388809079514544,6.820053227031783,66.87322503434962,0.0
7.135363468495364,2.7071218587785024,63.100064356424184,0.0
29.59467513619694,11.613736428102394,70.28150142430195,1.0
-2.609839700535245,16.189638981451324,84.94466858838636,0.0
-1.6791828695304971,7.164571177595347,47.84031773628802,0.0
6.015134679471355,4.899146795434392,84.8926067949903,0.0
0.21769866924261908,12.045525162823143,80.4664260608437,0.0
4.658149053279892,1.1182286546119595,79.30836911207105,0.0
15.224043447245762,-2.399625772769356,84.33249903921909,0.0
3.475982934014003,7.196289997184155,98.36718084543664,0.0
-0.08496542529387455,11.619516940683969,74.14340077484046,0.0
-0.08953534473095147,7.433815907904802,74.12458644859477,0.0
55.06740174279983,17.48185644277477,41.696942709260675,0.0
4.760160960749565,15.779951846301932,50.36795016279986,0.0
103.0909510250486,7.79602093499676,80.96331328329924,0.0
0.8912765590852149,7.863444604370571,70.80128396894808,0.0
25.193272341218314,11.15944999198453,86.80825641953885,0.0
-4.864826986447075,5.417631647075852,86.8767014119655,0.0
54.00226330988974,17.863281161633747,53.42528032798886,0.0
6.531165598452156,6.615906957357479,81.93843071204223,0.0
3.195136302261736,9.135787968515086,59.15493904190191,0.0
-3.6412200660456215,0.45688162593886666,75.12082365484932,0.0
32.884937981198355,5.585222200686257,96.42665629325363,0.0
31.55026297863059,19.904816969522486,54.122842304904765,0.0
3.0405508553895118,-0.1905372067925109,96.63693527532493,0.0
-0.5238777863198969,0.33742113149538877,68.77516347336204,0.0
2.4415555262189574,7.623513843953179,38.19530190865702,1.0
-0.7201376402901634,5.758707237471689,62.43643417134931,0.0
6.806334157109022,17.37794851839153,72.66434572978729,0.0
5.662630129799341,7.718856414928867,76.71014345047803,0.0
2.7006013316154256,9.196961098090895,71.23153801721939,0.0
-3.464192906567229,8.19898719441149,94.03131185558328,0.0
-0.9682147151173698,6.782488518661009,90.9689979256265,0.0
-2.9720856488802676,-1.766513486486368,73.92712459673703,0.0
12.450048581546174,13.518027519668415,105.39501368562351,0.0
0.3036655905750289,10.018135126557347,94.07027683443481,0.0
-3.754578737192434,23.290021474484764,59.70583095670718,0.0
16.34770849031742,0.8047167777509757,100.43686414425535,0.0
3.4197526033397034,12.82809756447598,67.90169527515246,0.0
-4.527637965080779,-0.4139083777950463,100.29257998415292,0.0
11.621344083785042,6.847455191670798,68.52607445474433,0.0
13.117673050981749,10.626001906003724,43.81584302396725,0.0
0.49644106882275085,4.337722104231453,57.906420400166,0.0
6.430286493385746,0.370840743922475,55.77050078800481,0.0
-0.8737240954480572,24.023451618605012,58.02841963409223,0.0
1.2403382318917513,16.645808789981185,48.209514672658884,0.0
2.2109187688776397,-1.89959062671466,73.49701947801215,0.0
-2.880837666847424,-0.7435360864869838,101.93741711235027,1.0
11.624816729795691,8.546123469009459,55.89033173238929,0.0
14.823055819463777,6.070770283173891,64.49030623587296,0.0
0.15370318996455207,5.745548961616074,78.16542672012511,0.0
13.9188921831394,9.05406285279125,82.7186838001137,0.0
-1.4862072079144735,-0.3828438651040965,89.4231545812518,0.0
3.5722237444034244,3.7540824764834793,77.04257582690903,0.0
-2.7146447698882548,9.69244693623271,86.601419865773,0.0
10.84849885169906,1.6713630417013996,76.38744339954044,0.0
2.8173241702042784,12.116803415318408,94.31514302187134,0.0
6.9955144990742415,0.6696709378327935,76.10755373063581,0.0
43.77918461117785,4.878474116835509,91.74249825215118,0.0
-1.6060650260554485,17.594903247708,46.65516883530128,0.0
8.375550532019417,22.16793956029148,45.379059756485184,0.0
23.88083911653592,16.77052555870005,78.95406806399514,0.0
5.75539099154013,26.431243767109752,73.59648242024382,0.0
3.743001013391793,-1.2605445142144402,88.08891750506673,0.0
3.8167378843975412,2.795558736931792,80.57604188574993,0.0
-2.0457020878534697,2.707167125500337,70.91043004994924,0.0
-3.6310360055319704,-1.630223084361035,55.639802163054014,0.0
13.408014750260714,5.981155386181266,52.47970044733219,0.0
0.8865848948757407,1.0823878985792506,90.65669585826903,0.0
-1.6986517654611895,8.38456373067427,74.6123570362883,0.0
25.199267895208518,13.434309537445499,76.81551744356621,0.0
-0.33964298327304454,8.670079031640945,97.89288309883318,0.0
4.285468114863409,3.2339818692379225,39.32827720981918,0.0
2.0498681296863905,-1.78679344771335,67.22003430292033,1.0
42.997007593152816,10.366870012316523,62.0722146583002,0.0
4.179945489117195,18.992958766859406,84.90258938345538,1.0
-1.7520810993229605,7.318881199091511,90.76607233704618,1.0
4.531471917686181,3.1750026081404448,65.30324410119037,1.0
8.334462277486221,-0.3067853378726042,90.34118676215326,0.0
56.047188737337954,-1.9864019680786593,95.86981512340472,0.0
-0.0358394722661758,0.16682971845352984,73.87789843384044,0.0
-5.560250704104774,6.0671140664952725,99.51041658299425,0.0
47.730642612266934,11.475544726880507,59.223707850802136,0.0
27.372561666411414,11.860597715006161,63.21308597348249,0.0
2.0466669788392924,0.033998526237993126,92.0561647900225,0.0
-4.0034207200516345,-0.7534774075413632,57.68184384195883,0.0
-5.326870877553181,20.801971977406374,80.51995311765626,0.0
1.3923095930182623,1.660837186859416,48.33722897665475,0.0
-5.060473945784977,9.752239411194926,89.84657441033288,1.0
3.118175364382677,5.815305907117347,97.45724575443589,0.0
10.326216204247274,1.493999209606946,77.03980032380801,0.0
0.7670047664786009,7.788570073812224,61.684260518005146,0.0
-2.821187267371073,2.247061578167117,62.690853479226924,0.0
1.062248313027063,5.452280000777815,80.14856421389173,0.0
5.10074592611047,0.18231478342648574,91.41808330325127,0.0
1.2181373425288697,6.396824983951065,88.28024137564853,0.0
1.0625850081029227,4.159883600361607,67.86983307555893,1.0
-0.171546461866007,7.486174836514191,61.652491860792345,1.0
-4.793284231958112,11.01562509825167,99.30583296864776,0.0
-0.9027463138768864,1.0620404365805403,95.87661559398296,0.0
-0.05754836938915912,1.0259273415583918,74.81023820104343,0.0
-1.321069758897914,15.630618179050474,83.33352018926857,0.0
13.11301902128886,4.264749459564592,83.79816252489525,0.0
8.978678782408808,-0.06964313306356378,79.98020583119569,0.0
2.566762887432959,-0.2031496936627453,76.59722304928955,1.0
6.3492707455666,6.443844742787722,83.05578155204446,1.0
-1.7236117513893852,11.600029400164285,57.598270130115765,0.0
2.4260006431739702,-1.4517390038074136,104.84879566830297,0.0
-0.41301759553418466,1.2422456800010626,76.95388340166613,0.0
-2.374813721550657,10.56878783590401,80.70028255003373,0.0
2.279197908735876,12.624820421996418,90.12609004993332,0.0
27.312558954437737,7.18352385865931,87.22377707051305,0.0
1.2277196550149325,3.295713548979769,81.71299141477412,0.0
-1.126333047307712,0.6087769516902825,45.75586939880727,0.0
4.07814729158759,6.156192024613063,62.16664889815761,0.0
3.8654643707952885,5.821739392001452,54.76211161306437,0.0
2.0222288898179954,3.164152590688034,41.593748652904786,0.0
-6.6877897531715025,7.948309502714117,82.18100322665977,0.0
11.140474855494272,17.06159596873943,90.15722934887555,1.0
-0.10786173122650922,2.1859470012843185,86.5547534163383,1.0
2.269342987648292,6.547432664786456,92.62953565772814,1.0
0.6195234849366912,2.554195203325433,78.2040689880783,1.0
0.9224085078047433,1.867233690280882,67.66480293936748,0.0
-0.20302632234492746,17.937569185557038,40.55687142516481,0.0
0.39507905420180645,-1.8022515185867567,85.27090219815074,0.0
0.18762644051378036,3.3408065423547124,93.8259832928662,0.0
-2.5411888178198883,2.1240828542188437,102.42607529456639,0.0
2.556045257918483,2.5695073452841646,81.2579664946547,0.0
-5.012631306784757,6.634579482994912,92.08566635616717,0.0
3.176337976399187,-0.49891547850894147,86.97624031613805,0.0
0.2813190867031242,23.805440409573293,47.40766919916545,0.0
2.6777187843340196,6.2544517133869375,106.09591147397951,0.0
1.9259962725793918,7.916276437705271,57.84398804105645,0.0
0.4707286017219838,-1.6056507560763986,43.26594637858715,0.0
28.35282786558594,5.324283403068996,94.46832502597829,0.0
-0.6961143526704356,7.067083149648412,57.082398123934645,0.0
6.762126074743361,3.6679369711746657,76.94927611240632,0.0
1.0177205333648962,-1.6947291676982332,72.42457581103268,0.0
-5.831760725014001,22.847534039198532,51.270786565485416,0.0
0.5168863420662977,13.513869595256198,72.76950445928036,1.0
0.11144592076501476,14.65839629337583,30.283468771672066,0.0
4.013357210322228,13.892103335587429,82.58579173695642,0.0
-4.612454112318004,23.267313012580466,89.27789300234886,0.0
26.454210606907296,5.626891031737578,73.80697814502366,0.0
28.09732280158104,9.651671661236877,65.90076845712808,0.0
11.740352506206483,8.255076734149306,67.29067916630268,0.0
8.578080299383732,8.350968469220089,51.48976255617854,0.0
-1.177676790521624,25.259179490246378,43.5041764850714,0.0
-1.5207828070614564,-3.143451094746866,88.56225759506135,0.0
5.6830248075575245,7.046653465333264,99.28581213213818,1.0
72.20469645387195,19.90999913175972,38.40777952701035,0.0
35.99510599505826,6.380347545546403,46.550525618229436,0.0
16.154904727697083,-0.7901982377101058,54.73957703445744,0.0
2.051228985878446,19.423894817153105,48.380270659054716,0.0
9.608071341565271,9.404538252664269,57.964001284171815,0.0
1.4481229978636225,6.4016815169348735,101.01796014174664,1.0
-2.8294696922466773,1.5196409086407323,76.08403824697209,1.0
7.067295424753386,10.635383089996125,95.11385083888416,1.0
5.9701314535373715,5.395609191077414,68.71865986369625,1.0
0.4076252143184392,16.34961008758247,72.576979374518,0.0
-1.288591946509311,14.04018623585003,70.14909885731593,0.0
2.2094214706476425,15.651779788107163,83.7373311751531,1.0
69.91008105623283,6.955354424245974,58.2907646385278,1.0
7.014279964652101,16.70502254070987,57.99595414718155,1.0
-0.27072716687846865,7.03211753118485,84.99535979380816,1.0
9.100463316484955,7.192280909167752,71.22728698373942,0.0
-0.10558978682276596,5.864258566708406,73.73118358518407,0.0
4.525093879286796,0.7872196606446993,55.040376936120396,0.0
-5.189730906069892,4.856006232423494,85.42958562742007,0.0
-7.925592252177364,18.462780785946237,61.02497661908706,0.0
0.15585425892192908,24.892137543940983,65.81994721122818,0.0
-2.164706154687802,7.809858041028031,83.6873224346567,0.0
2.40285284966732,0.15333626852901988,81.95992083945697,0.0
-4.026093597282215,6.657315149862654,82.25185847467142,0.0
21.26567173622069,-0.3283302145785221,99.12099025589393,0.0
-2.733844303653563,-0.10778259505478716,88.32305730803331,1.0
19.76193608324351,0.6621986216880109,97.38505967242885,1.0
-0.7773332050245797,7.175335240657426,94.48901458473544,0.0
11.857998391784527,15.400100987894497,75.25070114291591,1.0
-8.14824312869544,7.776498164614212,54.800891595511956,0.0
-5.957153103767216,1.5543458753398194,90.66075470170182,1.0
1.6156904740816944,7.145302509114469,55.69181071951805,0.0
4.785868682137219,16.081237880335454,36.716582809046294,1.0
6.671822208229111,-0.3383267260783593,83.77760902945211,1.0
2.074572762649711,7.5635597777492585,73.87584187134395,1.0
80.701770695187,29.54936383625033,65.70180203683618,1.0
1.6674384638647028,15.855882171363202,52.488336173034085,1.0
-1.3545595410341646,1.8241595919039952,63.27502899864367,1.0
5.240777848838981,2.9419075759679103,83.70538273409814,0.0
8.1876927516319,4.721431572633826,86.88199340372728,0.0
80.8350310590159,8.781521865637583,97.9687439581579,0.0
-5.345471328391182,4.84200481870302,83.60365879591782,0.0
0.4921956035685845,7.519790509650184,95.56501705963538,0.0
-3.0567658232362964,7.870611744168746,45.38251210986389,0.0
7.838893606641858,17.25157606784164,63.60184834991648,0.0
52.06445728908946,1.1772924746012294,54.66972298935407,0.0
-1.8510000121052452,1.7423142535469713,68.20116216289875,0.0
4.656701124570005,-1.2577230690759202,74.49076859346174,0.0
24.749129574749904,-2.3837790020390557,62.26554089391961,1.0
1.129557438642725,6.503574123768009,60.73826027793337,1.0
-0.36953426925126115,8.041448641464125,98.82313676115018,0.0
10.672404231505485,18.44954274852521,76.51143616854928,0.0
2.3425693829430636,7.224988128001124,78.18066991659383,0.0
12.712037401025976,1.6599524917765802,52.21677129021334,0.0
32.75471472557071,11.052400218649476,43.32062841082508,0.0
16.548099682657902,3.289415998100194,90.15923957605206,0.0
15.712567682195768,19.629645444996495,95.00932031192532,0.0
-1.2506096126241184,8.467285660432193,68.29126393515689,1.0
3.2911078671869802,14.33056294561211,60.396396810916684,0.0
2.757996619274148,4.642356522072891,86.00408806230045,0.0
3.918659862653719,2.009691873618773,64.11914001714054,0.0
4.672398761231276,8.422489580003969,59.74288108384324,0.0
14.379447633521082,-0.3407661363771782,59.683462584318164,1.0
2.7683051685632356,8.499100211683292,74.19111938447051,1.0
-0.6998879961350661,4.985941783023188,98.18814332712245,0.0
-3.2680632415770186,19.211861095297202,66.044093562771,1.0
0.6103221688427787,10.77787625216402,72.77497745013447,0.0
32.592331875456495,-2.122141497482464,101.39857751910624,0.0
5.711862487448383,6.580511119916175,52.727850865656045,0.0
14.192741841342286,0.9309901642746773,92.59584750087237,0.0
0.5141246867652918,21.94665590931028,52.73454976981486,1.0
2.2982489069647487,6.888797199511167,86.80294255123374,0.0
-6.1649918200150555,11.260149259507363,92.30443954072202,0.0
-2.7208725418382556,9.119625219861494,70.96991652327371,1.0
11.694867417254933,-1.1810148587015028,98.09529608295794,0.0
13.635292262042649,2.1679345246045747,92.18227967335129,0.0
21.421133441231593,14.516840790097053,58.517954180942745,0.0
2.8156808949784287,5.3468346014879495,82.61802423819213,1.0
2.940115302883502,7.2971003910169205,92.85593251533146,0.0
17.74098862847596,5.830596680566042,26.871650286092002,1.0
-1.804442826223998,0.18900907087465688,52.70315111934025,0.0
4.3883002851814705,4.568668935229707,67.3870236589187,1.0
246.19897130057274,11.726864940481288,81.9855224145279,1.0
0.23675272646870604,12.25033615578907,47.99357120941639,0.0
0.3675889928493577,13.740498030102154,88.35316245240388,0.0
3.6479447957161404,0.7663019978920338,61.131576404353055,0.0
4.3406978399845535,1.5320200417226049,70.4505774653474,0.0
-3.961185057283797,6.226515732479161,88.9285255425774,1.0
9.07362827176256,20.10007713692065,83.42910072604293,1.0
55.999422745053806,7.707261592639,58.91236439705199,1.0
-3.8450443146037356,16.35541552459125,49.908477497283705,1.0
-3.166375571471179,5.7781122305773005,88.05374815216159,1.0
23.154426702148136,7.963013763606043,62.35553108525109,0.0
1.8487799079837617,18.3696226198306,43.90896523735281,0.0
3.8451993514592813,17.464959247406888,79.82010766231792,1.0
-1.6098243055695478,37.53178541762691,53.51302258440061,1.0
-2.656860797222769,4.9982803559673865,78.72658948967366,1.0
85.58371652219303,8.176081294451254,97.44203686642386,1.0
0.9149315038204022,15.129237457840835,98.95360588641788,0.0
-2.1384458005485785,6.61868699338863,97.91349086364818,0.0
6.836081132006014,10.725456369778135,97.4991746202566,1.0
-0.1465767601627784,23.103579076696487,49.48721362163408,0.0
-2.4974336268383452,4.798853955681967,52.3199891434227,0.0
3.4778453499615427,5.626444099733647,94.28628444220075,0.0
10.730883997637319,0.5614279290330445,84.62751872450487,0.0
1.520457738529473,8.059069957960483,71.9678190461754,0.0
-4.56645057104928,2.382683781967786,107.12988779818505,0.0
35.04713585444751,8.922524558682671,61.45985317331797,0.0
62.320074415975185,12.486637493973134,56.13194554085346,0.0
3.514255333070744,6.048141891164679,50.986942194478374,0.0
1.0545518473374509,10.86562888559865,96.95698158068606,0.0
-0.2642832733253324,6.610186929356352,94.50202949354657,0.0
39.65460522090982,6.984221671659883,62.31437092335517,0.0
2.490855096372002,9.805072413425393,65.04623689433697,1.0
-1.6750693194698596,7.119867162951635,55.37510962319776,0.0
10.090379477644678,25.9352243715382,93.87008331841548,0.0
19.547238559821704,-0.36519300075097527,89.67332280784947,0.0
4.418307440678681,6.270618256350948,94.12997749308754,1.0
1.8848184646436785,7.3279359205917025,70.22532948703206,1.0
-5.275047547988469,6.418393746049191,100.1792612060169,1.0
-5.218730861730909,9.054880607225218,59.769786368903475,0.0
19.50170035433802,5.730064741775571,85.8764156957868,1.0
16.77728504180554,0.6759705257021204,98.7346770648147,1.0
3.091960471796908,12.22277788988147,54.49963810524408,0.0
6.9213509996396025,1.925275689480784,87.09872665734831,0.0
1.8990771668956896,8.237541051854326,82.2523124885215,0.0
38.774893657084924,10.207414084289082,56.77742357744336,0.0
3.86326510922788,0.31179238596962344,87.88670935448978,0.0
1.9692815382514481,3.233433512398654,74.32885516122057,1.0
2.8931584977429656,10.05141704218309,79.63440457554584,1.0
0.8058570177891361,6.703665508672199,58.6813276094551,0.0
4.473428962017967,-0.48321479719978244,91.19135736107789,0.0
13.762076147581874,21.48786424824643,78.2974687252492,1.0
-1.3587453825732159,9.846487552439417,86.2492417865137,0.0
3.008501882298229,10.084150229457022,47.51747461372636,0.0
0.6355122710666937,4.814696735892001,83.71632756852456,0.0
-3.9494501035473992,-0.17419745723733773,81.48034497883744,0.0
-3.666588386212524,19.55318184997757,57.35859176393453,0.0
17.312705457949754,11.255441005985041,89.64645869676703,1.0
9.985844740444097,14.023556938799402,87.94867174774997,1.0
3.7768326658719578,14.773136797044316,61.45016240136925,1.0
-1.0709570255398375,15.002306536411353,57.28162658428112,1.0
14.725425740854371,6.416290460268465,77.64467980842842,0.0
-1.3664190338802316,2.4107863258509954,69.00141113193814,0.0
0.9115951216562681,9.774003466897703,78.37782031340305,0.0
10.251434475062538,-1.3949681715414346,90.2798080194843,0.0
5.618969042215966,9.179046357309982,67.09310688026687,0.0
-2.7198499282680184,35.73557870163198,61.59133509570391,0.0
1.2092601869861295,18.064523323364575,77.71890596074905,0.0
5.361165008787882,7.718116727767425,79.48059262212676,0.0
-1.7556637486394056,7.5288197880707,103.05745347254552,0.0
-1.3833012982282977,2.1064826954366227,76.87308721194061,0.0
-0.40606982053972235,8.535260059309103,65.90691128890242,0.0
5.712687723867331,13.16363857154175,61.82916511103935,0.0
2.268051994171008,4.101136538842309,83.09381212273111,0.0
9.028854109763643,-1.3576788587308846,100.03143686638262,0.0
5.724607663820917,12.540324345682759,65.98536042925191,0.0
32.18651375006944,19.31796489241498,29.72589628329699,0.0
-3.2405030073566747,0.5619738519382137,77.12360374534758,0.0
-0.16243320046740917,12.57243864515468,84.724170019983,0.0
25.05970758263806,1.494442130736089,82.8079094339573,0.0
1.8835542132157408,12.331839820234304,84.20457794452521,0.0
32.49460495536276,6.694727910589933,97.59949633227079,0.0
0.2845932194779118,-0.8452912312031111,102.09818858905734,0.0
22.389228787682313,4.076332825674767,90.14272455602477,0.0
1.1801438730572176,5.0174174488061665,65.56300481675021,0.0
9.585367944958177,18.20710147352613,61.71238632935202,0.0
4.545054439872477,18.60484822827951,94.993812724551,0.0
-0.10458879468376628,2.1126148682400765,64.04640098741677,0.0
-2.2279440223614153,6.565697604807327,49.39058309530257,0.0
8.523782666214302,11.706347870237522,82.61177958311642,0.0
-2.8966761698816126,5.96314780025096,84.23201369527743,0.0
4.532178659284228,4.031196170488391,97.47051810601165,0.0
-1.9094719992505225,13.465528394963098,45.82318040142657,0.0
0.5615234721746056,5.629987245419513,65.51559149013723,0.0
10.55242341936768,2.298086436055296,45.385758001606334,0.0
6.607502643512671,7.797988341816897,68.80990632979776,0.0
-5.658110431578023,3.9906478264033796,79.11792600375558,1.0
0.10749603266558186,8.725037893292185,90.70462785256133,1.0
-3.0319569756393294,7.681524997930593,96.10026770184778,0.0
2.9931390216516554,-0.5158946281696659,70.8433860700454,0.0
-3.6979425877007612,18.929006293206093,61.7298655869491,0.0
-1.173175294587483,17.623513874349847,72.73679684044086,0.0
8.323820920195908,9.40647347206145,97.95414607970041,1.0
7.510841184313412,16.95969738719795,57.88381478498352,0.0
1.4010069370919886,18.53554519535959,63.06197141711018,1.0
18.21219488653956,8.682641565586577,70.66050278067148,1.0
-0.6842332151364471,13.522276146357452,47.450228100438075,0.0
4.640104976233388,3.9143943143475437,42.51158824207093,0.0
16.730767879503553,2.842504715444745,85.33878917470537,0.0
-2.66353163588977,8.663179997749786,81.787925025265,0.0
-0.29776087515568483,-0.1380216868446284,77.92293757755554,0.0
4.972770926060086,4.5948268973073425,92.71227889508432,0.0
0.6491583364658515,6.39021426150541,52.28507522571494,0.0
12.813224113510778,-1.2711466439457886,78.97102121767477,0.0
3.2674395450302747,10.476567388129233,81.74784904318776,1.0
9.894135803908673,-0.6287520674107052,78.63551679716453,0.0
3.1854985793014707,2.880678617205735,64.66405546734941,0.0
-0.2368148342750985,4.8328162010758176,50.61470147815282,0.0
1.1403757758131485,1.3258457382793973,98.18423881994104,0.0
1.799076721645232,1.7149336422272428,85.57337549474322,0.0
0.6979124430210966,25.365334328226247,76.77281737943068,0.0
4.613827231217641,7.926491417605506,86.57734957717167,0.0
85.05143104021812,7.894066540787522,75.53717839846715,0.0
1.051609606904697,6.505314309309267,51.59420590144934,1.0
-2.353997165214553,14.117603194591643,62.079776962412,0.0
-3.2864668558956733,8.65635286796726,65.50741165758019,0.0
3.701725752966922,18.024395196975394,56.42032092335376,0.0
4.391896739153626,-0.3257056776458556,87.76819002720792,0.0
-4.242902331052087,0.2508642908888688,52.40334475155349,0.0
-2.053657062840953,20.828201460873707,46.03170222876776,0.0
-2.792399479886356,14.60259923418767,95.85872909861719,1.0
6.6426176749691255,16.05831127542555,85.65916076078518,0.0
3.40984899146446,27.39196841665191,58.9713663584411,0.0
0.5150271668424157,-2.307108522181961,100.5216615266341,0.0
23.01217960780671,25.339813281385464,57.7826672097203,0.0
2.6602642632489366,8.011625906520369,52.314174885333856,0.0
-7.13816102049434,-1.3466183783055383,75.0206226467671,0.0
4.8787779349475535,-1.0662684746022348,64.9564544044414,1.0
-0.20995777090174828,-2.1117618141976924,108.87717668221211,1.0
5.262822226408524,6.335437680619981,77.8316350176519,0.0
2.238075465895032,7.512616756205347,44.6016213044194,0.0
-3.407737483149185,2.694549051464144,78.04983471614725,0.0
1.2968244693222273,16.14100389546854,63.38662799073465,0.0
9.293110962012785,5.4322647053532815,94.78051398996679,0.0
35.91811970893566,5.916061508272511,99.08711930630709,0.0
4.775669530438699,8.06782115052642,84.5571341196347,0.0
26.577379260231293,5.3178157426254655,38.7302756164636,0.0
-8.030832362496788,9.676257906713111,81.2390869895381,0.0
0.0786468461932689,5.401235827709912,87.86590178010736,0.0
2.4571112523299026,-0.5212446373535107,33.78598213749428,0.0
1.3035652060742677,17.432573899896184,69.37618678145178,1.0
11.371137755419658,3.5137350617243546,100.12488180286095,0.0
-0.5336199793789087,-0.7028354322773316,82.53791292582626,0.0
6.129264965868711,-1.199750898232338,106.18094790868342,0.0
-2.8729149702699495,-3.204610987434611,84.91127773989676,0.0
-0.6959629522000813,18.845619960011152,79.89830776837614,0.0
-0.7489263455057579,1.5473950869400865,52.56290013797195,0.0
19.647725637562395,0.6386889201228767,70.32234909119916,0.0
11.784487667853911,12.035842866828835,82.35768405720165,0.0
24.48196895770916,4.281320883964986,80.64017324398064,0.0
-0.7785747900752791,9.315755863856582,76.91171647804826,0.0
26.790290649594994,8.006051855443225,62.15003134049121,0.0
1.4149109374980091,16.346342840671987,49.83579170931465,0.0
8.452798544693085,17.57549608152453,56.77000478333186,0.0
-4.278951496830711,18.603793209864,89.71650617003932,0.0
2.36854742102323,7.104264561830725,103.72869005902797,0.0
1.274903693236355,8.286090286052614,88.78553339070632,0.0
-1.7115716301797095,6.08026269754658,74.71379602698461,0.0
0.33234621832000844,7.376333451843634,80.83544291795444,0.0
-3.2986235997191216,0.7816131605978545,96.33667538316406,1.0
-3.2035895533991376,6.4704671231246484,79.25926415581884,0.0
-0.4269536510827171,17.561184085902408,80.72987610243324,0.0
-1.8266209946508236,4.128832698649115,97.25048628351372,1.0
7.222161853172118,4.5286124829298755,78.8326069503657,1.0
-0.8460466144978931,18.92232258145902,93.16362460309006,0.0
1.2594403452741,23.20106479173897,65.49559804414966,0.0
3.650936711151992,5.64801999950042,55.12149501831028,0.0
2.418024173071833,1.072056745671055,76.94955512757818,0.0
-3.125231714328622,16.58372234950219,65.54088545142095,0.0
-0.5219900997706972,24.856164310346852,48.24269310667477,0.0
3.431113589247403,8.413711269728955,75.02409923813676,0.0
19.543613691110362,16.79886980683039,46.34343039884583,0.0
44.91040010742945,3.9959391030998885,72.27433648413935,0.0
4.8872163389930945,10.336742775323648,46.93878671553744,0.0
33.204657134316754,0.6097612595585237,70.64046565643713,1.0
6.1914524333789425,1.214738444598652,87.19385450054088,0.0
-5.463789837233518,6.472541120346108,97.4150557578858,0.0
2.0919433894359827,6.446990185111211,86.82931360666876,0.0
-2.793508555900747,2.00661103268909,61.25768698962192,0.0
5.937212476976611,7.933148934640318,91.21561590507972,1.0
4.010957401120329,5.298532603349624,97.27482760807254,0.0
21.850991678994678,3.0701455989257287,105.12724990596571,0.0
-2.047202384305231,5.734086703082744,95.75427208676386,0.0
0.7445523785816444,7.776000903156091,72.31179067181617,0.0
0.526914728544969,3.021583249350263,90.6851231398975,1.0
4.507760508670608,10.112075485929044,71.26273958567987,1.0
17.018379436141224,6.127201100339238,58.96034637685057,1.0
-4.814135478560683,0.620119022606127,81.18597236119216,1.0
-5.450231394995333,2.080273215527698,76.35586765118467,0.0
7.007080981705928,0.429865138196545,84.05922617176549,0.0
0.1985998358645993,0.23090839611117137,81.99377462536857,0.0
-0.28971076110564126,9.537283333263641,96.08935031587518,0.0
11.337491223131991,32.53544481850095,40.9565153461065,0.0
3.987395950173819,15.749909986313845,53.51814428102807,0.0
18.457535055182003,13.257297235979427,57.3913971084069,0.0
0.653348194048653,5.869873290982261,99.72526676277356,0.0
0.23112492085381062,0.9413410191752724,96.08293845530123,0.0
-0.0685326531725827,4.822936082900498,103.49976431865569,0.0
1.8730851772546624,20.093692891672045,49.515434358027434,0.0
-2.735231622833626,8.084005599149428,63.09939912993013,0.0
0.9553633002115158,2.4241828352860133,101.95613034235537,0.0
-1.8601799883006847,20.313367835071553,77.71039688913372,0.0
-0.6768113557443026,0.3411674759191307,82.82371903731455,0.0
7.139928089090798,7.287276613895605,62.20039879464417,0.0
3.146329482248547,7.932632139837134,49.719158974667145,0.0
5.9228765244245585,13.858075615024045,87.23200588772545,0.0
9.815433629250318,14.660448486289944,53.46172223365751,1.0
28.737914934634755,8.409965964670015,61.589471157652454,0.0
12.48728845248389,-0.11034219854444294,72.48190000053802,0.0
20.67273765912395,10.225894405301291,73.70410583290402,0.0
2.1183084335933517,-0.3833954761565609,90.74596540487939,0.0
-0.31653222618764726,20.379806909993558,93.42364400287885,0.0
6.931731850307383,8.442435507179948,79.67455997067648,0.0
7.187473826425219,8.928559966916275,87.142554735033,0.0
16.498760802307576,11.844538470881819,83.53190201909327,0.0
-4.684268551967676,1.4704476440644336,91.60538085143138,1.0
-1.45759483940073,12.680499506948005,98.37277242927831,1.0
36.230033862471025,8.532605086949475,85.42410003819144,0.0
-0.04514144766758362,9.730746087212802,72.74093935641791,0.0
11.643001884876101,1.9385491542830553,99.07658931498018,1.0
18.28335751403367,6.71735686119918,95.5501841211656,0.0
-1.2066380492552364,14.184700526142475,93.95096771145126,0.0
62.106568435013216,7.109724948091269,84.35332475988812,0.0
-4.087938148620007,6.1089076510157305,57.12479121102071,0.0
2.415858474505585,4.240056652263539,45.70946178612142,0.0
2.5502764028218845,9.450963822568788,98.15905852701961,0.0
1.2440587609734064,5.819333575752564,96.59213876775304,0.0
15.972059470167126,-0.8690097337073805,104.24928840560516,0.0
-1.9232815110377122,1.3207769013757753,79.28067164262805,0.0
-3.3131122282301475,4.886367299560693,70.17527392972434,0.0
-3.5547368774348387,17.63613592542282,33.10826691721785,0.0
1.0905456515909053,6.823500898372526,88.55337116074546,0.0
-3.793213283298298,3.0359477565315043,73.31716101431728,1.0
-3.770462954055727,11.913283766353382,77.24626329539983,1.0
0.12899727039753334,5.911894575672167,66.5402613295638,0.0
45.91494401699936,0.8644326735965191,100.00296942317232,0.0
3.9957964073384313,11.225502286579049,69.81463642957398,1.0
4.175987277256246,6.882067138357287,41.01542749479506,0.0
3.8237954151274742,29.364976876949274,53.22916793505698,0.0
22.006123765967367,18.579645931348622,62.77243164856606,0.0
2.0103624194407814,4.600292220094365,87.45901419750456,0.0
1.5558105637286614,7.4854907792284955,60.968178671290225,0.0
-3.981300292050098,25.875234905756706,35.814657061921544,0.0
0.9084266529935454,22.96017287965998,78.9631271708994,1.0
15.267051535440643,20.688213671605894,89.75066954494099,0.0
7.525044869673567,4.251172719137302,64.4284804993718,0.0
10.936643436567568,10.92370625139844,44.38850136732939,0.0
-2.9661579036490617,5.911590723356358,77.97647185179332,0.0
25.71434158975812,17.57401374855334,83.83889776855845,0.0
3.957726972853976,8.241088708102517,97.57358454464644,0.0
4.974369211017058,0.45347600632012813,76.13818023688478,0.0
10.11703248098962,14.072861569677201,83.93095242609333,0.0
1.520106053351062,5.890161540448767,90.09728704097999,0.0
24.734767530884536,12.699383059391451,55.015161768748214,0.0
0.6795768813533025,18.97085046148969,90.43054555234524,0.0
15.674568069468936,-1.6818194772268207,98.43081902975736,0.0
-0.5064297472703244,5.945316291403956,71.51847402660238,0.0
-5.539861513125379,3.1651523976933227,54.119052714455854,0.0
4.068870769561273,1.665304910118945,63.844769649282796,0.0
3.7738445042684274,7.911618633254289,87.95015717722835,0.0
23.909924870166595,-1.8038955218845032,93.70600975794392,0.0
-0.367396385801365,-0.5841118701939556,75.29576426808319,0.0
39.35936707636812,18.862958360066457,56.95689122959587,0.0
3.2996221237196566,3.3420864065197744,104.95111554573519,1.0
0.05292557589400394,5.86273886935214,90.4525791870348,1.0
1.0174171339833586,11.170568806779603,59.59879159959903,0.0
19.370245460457575,12.976268878517224,76.69394718470531,0.0
-2.6001187486284745,5.373816388052602,76.94912060519255,1.0
-4.005737808750068,-0.5563738242091054,101.78217584956995,1.0
3.107330787794158,6.612885510296616,52.28047063111957,0.0
0.9144253491071352,20.496738901827886,71.89499739116579,0.0
-1.9707324005693891,9.29894828052053,61.18959360230932,0.0
0.31667718041020865,7.302535878931249,69.08524403713933,0.0
-4.260917644687262,21.801917723427767,49.61941740890106,0.0
-1.448864163894278,-0.22050514869334792,103.31115397035352,0.0
-4.7996436030066585,5.122534212856164,66.66679116616467,0.0
-2.960812080310699,8.20307250757319,77.6493580740055,0.0
15.746312759997915,6.207794607957009,41.648927172790394,0.0
0.37809980796986814,0.22507125401257627,76.95265134089965,0.0
50.11594471142695,11.831592055668564,80.58513407103096,1.0
8.101980156953726,26.021546960360826,63.92406544139856,0.0
-0.02555401592381996,3.1440783312724028,70.05769725153432,0.0
5.678817613254362,6.067530232389991,68.46618022303267,0.0
0.3748459713859139,7.920815170850067,87.78274660675794,0.0
1.808021408241443,9.909457048742995,91.91494751365843,0.0
44.403897088921134,-0.46079900407374275,61.29469410437183,0.0
13.840045890947072,18.971097493228704,53.52137149725743,1.0
-2.4816575821954423,17.03371837483511,72.17721154786778,1.0
0.851075636183213,8.530060710490003,53.348722748958245,1.0
1.7410591685256303,26.969544828579146,63.510957499907164,0.0
0.1497863105726559,0.3224442046048571,83.68742360404113,0.0
14.672250465032295,2.6770557904925236,99.15419181414647,0.0
-0.464505326979038,20.744043231476255,69.58632598969858,0.0
1.3157001735181317,20.556675156260876,69.14450404556192,0.0
8.459885532800717,23.422449999571736,51.812058737437106,0.0
-1.5356733589212332,5.681053598824803,88.98704936254227,1.0
-2.664968724015562,20.321260665643308,47.48161801866296,0.0
7.516001400852231,6.613938581410898,87.71187234834004,0.0
1.7006681004668043,-0.9186477822087031,91.61044669142777,0.0
15.494446620262952,-1.7632035202528356,89.41808653201605,0.0
-2.333187389070334,14.096961294858971,66.3796498095463,1.0
18.79519888120535,6.850226176827548,71.67655081681774,0.0
4.959384844083803,3.712397355708353,74.38174816724522,0.0
70.506068826189,6.5603039324198305,64.03938097028261,0.0
-3.233007578758018,17.736127261227807,76.1264050437527,0.0
1.0771969980686453,5.60386808302861,46.39009654166736,1.0
-3.997827503087545,13.798366805881267,95.77984898628083,0.0
46.812996527566256,22.011398342496506,47.42022261982907,0.0
4.390760813363841,19.76529128115805,77.57306812433845,0.0
0.9293287352774641,11.744458754804548,100.90867238515558,0.0
4.7254450353955155,9.255491725383282,85.88757296315828,1.0
-1.7869967055822407,-0.365993714924914,66.18506995308515,0.0
-0.5480278435713627,5.453497566800908,72.66185650479842,0.0
2.976573097358713,11.050869680227429,83.5932547597248,1.0
9.906202889212809,7.924662597047707,75.91845780542471,1.0
1.8803164820856988,16.23643361468958,69.20377644499082,0.0
-0.9638299835400853,2.581486308415602,42.60228450183248,0.0
24.425529339558764,-0.4941594616912274,91.53013500004266,0.0
87.26133457990917,6.4208019328754915,89.49874393669617,1.0
23.565874190896714,1.3438965413166297,56.480479519336164,0.0
11.552122416269109,-1.4450863166626815,97.81868361421661,0.0
0.2658974646158013,6.3565483856032845,91.18701418929643,0.0
4.133720510029172,-1.216960053096114,95.89365288314748,0.0
-1.397498793506149,9.325940350819577,80.568415348712,0.0
49.9895251138636,15.613226092432098,57.614394816669176,0.0
-6.473912589948348,8.800905094937436,74.79188728338363,0.0
3.0688010920006166,14.938336164338754,75.21221988898743,0.0
12.643611658693972,10.001050696684175,63.48933343261543,0.0
6.01362303024939,6.652464636305184,80.9015880207788,1.0
-0.011886647014628838,0.6734331827901517,85.51864661391541,0.0
-4.7217819633898435,-1.525056695433296,98.68250508841366,1.0
3.9734712346896064,5.856309587532548,68.97699961693533,1.0
2.0931751010662945,8.545804902835075,67.38393938616491,1.0
10.320238933041919,9.038566181237899,58.015738250495545,0.0
-3.3895251844887717,8.965337686526837,96.27598419973522,0.0
0.9463238910268065,-0.05197388733534532,80.72864055506419,0.0
-3.416460313390806,0.3148728336578693,80.72102606445918,0.0
0.019065758011987885,20.71583975811366,68.40976984287458,0.0
12.293843755500701,0.8841006445509811,51.82655014501599,0.0
-5.8583535027856275,1.9443139956469169,100.39160530383083,1.0
-3.91092543679886,5.325955238225307,97.45134607186456,1.0
9.388613700788595,6.438937073695268,81.18266036613032,1.0
2.7720025834438946,1.4640960143820376,70.5603625244799,0.0
26.241397560603403,8.985571106416437,57.25385234366172,0.0
4.115167346772096,22.529171305101602,82.09171930616543,1.0
-0.5380505292431883,10.502645561127117,57.78225605079513,1.0
-1.5354216127076166,8.83842034250612,85.36253133980479,1.0
7.025523013991309,-0.5232968381074319,99.0045295374698,0.0
-7.368176992114388,4.710595422487005,84.20922451879964,1.0
-3.4232334252649608,8.810023230286273,78.56517431255504,1.0
1.670980646284239,10.956106017445006,94.36784509284364,0.0
-0.8016262374639113,-0.6004768424187737,61.278793247170285,0.0
-0.3792291536291138,1.9642901722076953,61.69368399290562,0.0
5.430530195776984,5.8610785915043895,60.69311435141317,1.0
2.393125007203752,13.621893921791543,81.26338557043184,1.0
3.6464209721699876,17.317937992006193,96.56661024800033,1.0
0.5910195425054254,14.730718193306465,88.11301159233362,1.0
13.350445417297532,10.694859079738437,43.09873586564555,0.0
1.9295164123902173,8.305041342437171,89.72261513477243,0.0
22.93502830759053,4.006819144335793,71.8073427121651,0.0
-0.03109916850854797,20.142507712696712,63.65672623698207,0.0
-1.0220121074931288,-0.07345057819025516,53.46427139659351,0.0
30.231704652194068,10.415500924976964,71.84069956062118,0.0
-1.202269288776852,19.63337804810154,54.868957559329004,0.0
2.7772669950516535,3.251996802945526,81.33443947693111,1.0
-4.832676260298861,7.436997143269777,81.71587887460623,1.0
0.5729860667121266,2.7287199290566457,82.98762960999726,1.0
-4.053171063721896,14.167395825850406,73.53075356988919,1.0
6.783004740934459,7.5795272967305385,86.66700830146144,0.0
29.411968911603324,5.411716495829691,74.21515586842901,0.0
4.503046613423603,5.643144112688882,96.7110536059742,1.0
1.440700066874713,7.383184459518012,82.8472571777316,1.0
15.186246809783869,11.900455724321267,43.514290792793574,0.0
-1.1108283236531655,13.588357967439904,49.54551831010195,0.0
-0.8192567204609624,6.530021459158299,83.47215639206182,0.0
1.3990394525569212,5.573267194499938,79.57045127552246,0.0
2.2502809563073747,12.9433945670593,100.05434057232893,0.0
3.3450250326024475,5.469633529131444,44.5510687602666,0.0
19.61845309481992,6.920073134941358,68.16891568254896,0.0
23.352973677698092,6.16247670548512,96.62926067039733,0.0
3.940213482703053,11.81507218097257,47.09965824621798,0.0
1.326325916769158,23.368951909589146,58.147834096875926,0.0
3.322696038886635,6.6595169349386385,86.04661680085518,0.0
22.046471349631883,-1.7125210430328455,53.486827830093496,0.0
13.730593710998647,8.589488272299812,47.462800680400704,0.0
-1.4829405173752868,9.071610155361235,67.18222830499163,0.0
-0.8547264318334287,0.43164881718318143,63.49928628467047,0.0
10.393408863367055,-2.243988209165578,85.12801491557255,0.0
3.1548673554946243,-0.0937653245335549,82.40737463891135,0.0
-1.9667817585337464,19.71086965302942,21.376111941302625,0.0
-2.1776361805616595,7.368035869695472,92.62543464243848,0.0
-4.307277800615537,10.89205086026578,60.09921426242347,0.0
-0.4262867664516907,10.771357245158176,60.71846923211939,0.0
3.351585163063132,7.901881594853847,71.15788755008418,0.0
2.296926033691476,9.57355513656688,88.67883871399953,0.0
2.58428427637524,7.48706449197163,82.39379371662271,0.0
6.9980081145453905,8.801155372163878,49.858777979121356,0.0
46.286469401351,8.182822462000372,73.64464329879304,1.0
6.726668373085861,10.711320576913772,75.19159506133272,0.0
7.369890532900284,9.673542573652885,51.80924860241312,0.0
6.908804416568517,0.023737707057172028,80.73417064336782,0.0
17.64628246502344,14.21269598675891,53.60491602311121,0.0
-1.7449617992541404,9.472480370147458,41.654524991115075,0.0
1.3077081130248043,-1.6272394469788156,86.53105227023865,1.0
-1.3562528895869739,18.631086645328633,37.04738236242361,1.0
-2.619013879765684,15.820814324320136,82.5446052427048,1.0
-0.725797254265783,10.998196843613819,73.08451645733993,1.0
23.96121418947866,2.4280972235224154,66.95194349567781,0.0
-3.90799209954033,12.285193796251031,32.06212575126247,0.0
0.8970478790977088,0.03204378656408615,103.54170597144139,0.0
45.38716867176052,-0.013220087074999023,94.60424347158647,0.0
-0.3312574466874469,6.216811268279809,66.01802326940552,0.0
-5.1197650660856855,18.738784852882684,42.757153381462,0.0
-0.98480195898542,5.3368156066421575,56.88712991628939,0.0
19.905271278122733,15.45327175398018,48.383343858666606,1.0
31.640913355599398,6.782842046167055,82.0106655591903,0.0
72.45541813124689,17.90118152845342,33.96889447033026,0.0
-0.4600119036567274,16.427118924782075,68.60364558566044,1.0
-1.5850938817483855,1.0488212127118883,72.59428859613935,0.0
-3.4392943604654294,6.591723189463185,84.40761710091614,0.0
-3.538954640055539,1.4340789843133308,82.35344050384215,1.0
-3.254961144288747,12.653274945857113,71.06160184371556,1.0
1.3995066118514201,0.8212090822293993,86.32660997077238,1.0
3.379454048564169,5.7490786685695605,80.79408710466589,0.0
2.23953202301842,9.757131200176152,102.58699997170942,0.0
1.7307976820106221,-2.955537839378539,59.98422635244495,0.0
33.88446095015762,11.50238298813564,55.077096526738465,0.0
3.3495136615968977,17.01945085146568,100.19273623010342,0.0
11.145857387440964,5.586204852980879,85.70077765368505,0.0
-0.3806653750341338,7.791142293453811,63.061392258906615,1.0
-3.7520974504703415,13.419951132293363,60.1174397872672,0.0
5.167159417019988,0.02245972660103099,80.32989428163278,0.0
6.92247970619909,18.930876687783908,45.72900755857498,0.0
-1.0553101006425252,7.829264455732172,54.52394390982324,0.0
1.2504511076658267,0.14095224268162773,60.60286876078062,0.0
6.099080054041565,7.751583662771414,62.167280100534434,1.0
0.026226767143039342,0.4158565345877622,98.46072974066603,1.0
10.745328733715194,3.733724083059201,70.51640685636569,0.0
3.885062312140986,-0.14794484703851116,101.72343432863114,0.0
-2.006698102467776,7.454581574464683,92.530000274184,0.0
0.37668947446326295,16.996769396451192,49.699956246497,0.0
68.12658241086973,2.4094005150753146,81.61567669207409,0.0
-0.5574173254324881,8.354932187641818,84.97167669538184,0.0
3.19757992797774,-0.9628532824263896,97.31262105650616,0.0
10.967561594208505,0.020490882361812134,81.74013023706108,0.0
17.727467683552266,-0.6521243632474658,69.72384708242966,0.0
0.6366629888819959,0.4280308143400264,94.68358297550407,0.0
2.6241700900746805,8.217573226461658,75.67764446099058,1.0
2.2946812865546704,1.1251519872202864,68.92751286517067,1.0
23.59739064392259,8.19959146376063,61.64449574071154,1.0
2.9093063924625078,4.9318672489796205,22.07499561237336,1.0
1.13461539865421,12.425528836499591,88.44772640758688,1.0
-0.6783643733096832,3.92008396505512,86.18927105647747,1.0
-1.0024082560590073,22.363584621012127,79.69158124847662,0.0
-1.891089071715922,3.0004439703713164,66.79195425524212,1.0
0.5952258403317952,0.8963384498410588,89.42643745844966,1.0
2.0540470766935766,7.98318692747274,50.08154536145643,0.0
5.527997540508355,18.17919754508031,40.97634479484997,0.0
-2.6851554342705075,9.16344607732207,100.320899530472,0.0
1.4888319234369738,23.5682814115468,46.175643844304346,1.0
-2.3755221245038722,15.753208402467367,61.36181347504691,1.0
20.686710336371245,-0.4944033973519649,100.94091793103833,0.0
-0.4539079487945321,20.15066800622788,53.34639701576412,0.0
4.234312278151151,2.2167195241789246,81.17140116929458,0.0
6.16574869535616,20.223288815268372,58.0409820140771,0.0
22.729456965606033,9.430000263957602,67.34143731351048,0.0
7.1976000843541375,-0.2098084190961937,96.53362391942511,0.0
5.25774039330094,7.230043181147789,80.18900013684093,0.0
-0.0034468062540377003,10.601979778594322,53.870853845436606,0.0
-4.352580473516708,6.742856086876706,59.46119904348314,0.0
3.051682919010556,9.47611432151656,76.71456165915595,1.0
1.0473890977878717,8.255146934828835,49.03468191893271,1.0
-8.959049351120086,5.734579212698366,84.97200732634461,1.0
3.358679467648441,6.8422856259391835,80.34619172013242,0.0
4.924502354332335,0.47145346468669846,76.87996479484411,0.0
7.015875874281432,9.659970867915167,77.2086506021929,0.0
8.387269818984505,-0.30731666982324124,70.15907419122547,0.0
3.2600733741255756,5.759420119356241,54.89281967294478,0.0
-1.3604159156204896,1.8465310161218722,68.94474622812041,0.0
5.103524822168096,26.618450684100836,54.36495603964582,0.0
0.9351087476419286,4.949186197126413,99.9203954331064,0.0
7.927133368560197,6.129506479228149,99.99855961293427,0.0
5.328701640468713,15.861566836099929,67.34001738528451,0.0
-4.316194964640439,-0.6491589347273161,103.771040282822,0.0
-6.537809986210785,-1.6124389960462668,63.10128793480259,0.0
9.960115667165017,10.109846073987782,53.40104917843878,0.0
44.713604371998755,8.663258662461281,72.79553858204065,0.0
11.28537801551094,0.857358024696487,69.2834395796054,0.0
-0.41604561909423776,10.970334390457374,80.20187220790376,0.0
2.1109881991353343,15.372493588621042,80.94115447174113,0.0
2.072819491232118,2.701798483197145,76.68722275609356,0.0
44.59549834506729,-1.226937114916969,93.31073680202088,0.0
-1.060792152876105,5.51829455973787,50.61136256204809,1.0
2.8221345490203054,23.334751516473013,50.38053269798722,1.0
-0.5873085672046798,21.858402193958042,82.67738776371951,1.0
2.8300230982712162,-2.279794813376716,97.95824155673543,1.0
2.895788546647149,6.162202088350336,73.10529618106364,1.0
6.981294268740913,7.969781935286591,78.05992382998335,1.0
1.422108757375695,6.544942439185429,97.36091858035849,0.0
30.248712128373718,9.034925704287438,51.152544769210046,0.0
26.26882908637597,14.610041019061438,65.02893897217022,0.0
-1.4960879747129165,6.4971867286431015,54.68890416527835,0.0
0.43372747300926845,5.563909077049131,73.18530524384158,0.0
3.733955275059002,11.18617502479587,76.3939294328139,0.0
85.6726088332791,-2.18953335477494,99.67186917285444,0.0
4.694444346426121,6.352673407477433,67.96104655676092,0.0
4.455496780671479,5.767299509217621,48.23839848195061,0.0
-3.1299040856807867,3.1164410388006303,41.77616426419129,0.0
4.594677923528092,9.777816463303422,57.92142275159449,0.0
53.44335676706377,19.521511253759684,65.86791059629681,0.0
5.3096033136818,-1.1071100885580005,89.96734086866599,0.0
25.776152332008476,8.499843631703321,80.63039639926942,0.0
6.643137548285004,9.90477168928673,98.25416595424673,0.0
78.42320734125218,-0.5848821105466901,77.81527396183115,0.0
0.2926899530883248,6.592408472123703,85.32495163053278,0.0
28.36285521208382,19.346232515912227,70.444140639299,0.0
-0.7094914747018267,-0.9110282934929286,76.64263552331929,1.0
-5.662875643932294,5.9044951706095095,100.90068360124474,1.0
-4.903486589913601,17.759414626119494,78.80082428166617,1.0
-7.324101379033292,7.666475999728381,103.60166725722918,1.0
3.050838240058099,23.03952448078757,22.67386632829342,0.0
0.8380293852537921,0.5781330329763055,100.62395281309863,0.0
53.150083526714,4.735287897412207,104.01812588195665,0.0
-5.16645002381032,10.807202648658855,75.40894725319572,0.0
2.7642463316771613,17.68083865892541,75.4397045507639,1.0
-1.925247028672504,11.327157125761568,35.82803099274451,1.0
1.0074104304558198,8.823524249604304,40.2568160660234,0.0
-0.6698982667714515,23.6425116320092,66.69982400234791,0.0
-8.830703382914523,17.21260098836605,75.35499982004222,0.0
-2.947351829840016,1.928919212857474,101.89570177751963,0.0
-0.5507221552611918,12.010904970761015,79.51221278363934,1.0
1.7882090069616665,15.497503529551988,79.03282590412961,0.0
0.9922873727817443,6.855317590298735,61.131902680897305,1.0
43.28653177488843,16.74627764193293,36.93532238200162,1.0
3.895956651417821,13.653017019833117,97.75627534673978,0.0
43.7216302940912,5.2946304133388224,74.78966323031493,0.0
-3.9363810942434565,9.541081091192286,95.4808590820049,0.0
34.64750933609766,5.795706491581274,45.19439702592262,0.0
-2.2270420005182765,0.3382489040499458,102.4887556449001,0.0
3.805969346586008,1.8471334364575989,82.46978914108635,0.0
2.8726649692352657,3.2587604054161394,101.16817142681171,0.0
2.8723705627956955,2.0189113391492373,69.93658979839239,1.0
3.5934635534612465,20.33123300904418,40.79440433964353,0.0
-0.1171023568759132,8.991697331529348,78.99842105409284,0.0
-4.264497216804331,8.416481072662695,82.43124521330773,0.0
17.51997741006746,6.281875112649164,56.553288489801616,0.0
-0.4106606272013894,20.88724886519861,36.095756718360555,0.0
1.2436135746448298,6.822114423086597,87.69504779756588,0.0
26.456926533378876,5.019874526025052,87.67744542761707,0.0
-5.331838040854025,4.120407507063971,82.61022927563475,0.0
1.4606162328457866,5.055710960298903,77.29932728376431,0.0
19.335036313311903,-0.09015178247289521,75.41418466421044,1.0
4.405620401678021,0.8266051239407564,95.65138991095961,1.0
5.134727533755923,11.7529493152675,65.35519179478642,0.0
-3.5003049666154147,9.25185137975733,70.53617583639794,0.0
-0.6768107817549628,7.615233939045405,93.48269205027418,1.0
0.3139482163048817,6.478752910587197,67.75718651335153,0.0
4.074718546510511,3.4211066573804207,57.50873882316981,0.0
-1.7865834735728687,7.491684917498005,57.200668373953945,0.0
-0.21221146759392956,-1.7456626561242072,89.0847486737634,0.0
0.0025167538029068634,31.605788334754735,82.90098458483634,0.0
-2.064222418002191,5.733757342626677,87.96334090492668,0.0
-2.92526700966656,10.007286174680285,56.76786341001406,0.0
4.67447622180033,6.747513888126342,100.11226718535178,0.0
1.862289748686484,7.6503628879740955,50.380338082441476,0.0
-1.7051394144541925,19.626759173533262,65.51496669878418,1.0
0.41736787612841614,1.820792076759698,60.21477054941282,0.0
2.1298038779072437,13.573047824416992,51.603869902689894,0.0
-2.8800520838920165,-1.5513037123982178,84.8184728131153,0.0
4.909878325377559,10.676039386700083,90.09377578468244,0.0
-3.2046655249157077,5.7565145872848555,65.7210949746417,0.0
6.036066135239087,0.16313314927018233,88.74970920353485,0.0
7.215684466629824,17.59298924781263,50.343974331938064,0.0
4.394135490618812,15.124926409900082,74.02940365645432,0.0
2.5361565827412575,6.36160181933581,104.52625409759118,0.0
-0.34075541067456716,24.853191003865103,56.27673140481379,0.0
-7.16071156935174,9.62321763610082,94.60638147394776,0.0
3.868490316229968,5.554185279563911,102.80217569739952,0.0
6.1065167594656735,15.626661532674127,54.82437938144323,0.0
-3.111193505520398,0.8502150730356202,83.32324547541887,0.0
75.14986328665603,7.314868030492095,48.391864684292734,0.0
7.885056641483706,11.314010464327959,90.99877190248715,0.0
1.5660235104058906,4.952697942106855,101.43043425075273,0.0
108.3079746132568,12.65018145983828,59.88688841325746,1.0
2.68617085229393,13.451831190837087,72.05382628587526,0.0
-1.4790944461515179,8.915821428870892,53.08872487366865,1.0
8.395745370703203,8.869258895381499,44.13779347161606,1.0
1.604443041855676,11.060695057318734,49.66269044499638,0.0
0.40097290257955087,-1.424073101982645,52.175626193887965,0.0
7.9581171850375725,-1.2494767588666282,100.90401491838526,0.0
3.055470390062263,4.860292432349092,43.87932505594169,0.0
-5.1685975231348635,0.21886107915206784,85.4698615961574,0.0
0.4954693914698862,6.969575985785672,79.69785433601913,0.0
-3.379997085854299,20.048295085845133,54.48435642774576,0.0
3.3699622167911607,6.347353180089802,76.24652737745538,0.0
-4.955293874949011,1.4850397685261227,89.40314150442659,1.0
4.968450346757271,12.682700645664493,47.88923468720713,1.0
4.766928108144958,18.85520922379631,34.461877745551085,0.0
1.7938150574291403,15.21789080474031,68.82317081776087,0.0
15.754431837298197,0.7856604312104027,70.35796742901896,0.0
7.238239558555831,13.352490621095283,69.12879936791198,0.0
-2.9017507221204957,8.193222730955089,65.52413211162866,0.0
-3.3624874974584613,10.731098332384233,104.58471985666901,0.0
0.4967420071062726,8.701122839112237,88.09751872258241,0.0
-4.416967337997427,16.102480347513737,47.54644167791003,0.0
0.6618026051000717,0.0897920139768093,104.46583297398956,0.0
21.558553733210047,13.935427460324611,48.62897076700087,0.0
-5.087828147715258,12.084909157016904,47.580617800511995,1.0
6.558160668132693,8.062943385782553,100.96348145891741,0.0
-4.934093160832636,18.31947227138331,43.71855496341138,1.0
2.0761563751179395,14.064245386241128,52.28431441129549,0.0
7.5587596898693805,2.9108983350644575,98.96774823084492,1.0
-6.611549910818226,1.2083028318918188,74.22251625824626,0.0
1.7278581435616847,20.837015840593825,57.897588587206755,0.0
4.088440716705106,5.136921855528301,89.16709717534856,0.0
-0.6613263309699609,4.423085140561239,50.569089078846716,0.0
9.299091131108613,-1.5424032770934415,74.02021683454034,0.0
-2.9524753695784702,5.572292884513643,68.63184602645445,0.0
21.464790253650385,-0.5744981584508184,53.58346272166781,0.0
-0.9128365019999476,-0.9114858049543821,63.92260366598101,0.0
2.0742161073331444,6.848372384743851,89.0294260357939,0.0
15.940166331488772,8.75767327493259,57.03346561104412,0.0
4.158059681820519,6.987781771408743,61.18116959536681,0.0
5.750858943857645,5.239357976778581,74.0199998384607,1.0
-3.732004241763274,-1.0881135857746798,100.33444209000507,1.0
-4.971750455093828,6.179987894265448,96.87880340537598,0.0
3.637055228615108,1.23010777441324,49.19134910108568,1.0
13.734203582927107,13.755401118718446,38.45571335416044,0.0
29.48526943458258,6.90460734681465,83.97401816907652,0.0
-4.878338433587641,-0.7528273810151226,93.35949631373451,0.0
-0.4843656408526093,6.441050818022199,56.91063334683811,0.0
-0.391653894727623,0.7433426033556048,100.60535464281938,0.0
-1.3965775843999964,11.847621189406139,87.19141159545784,0.0
-2.6637097856715526,10.452387804716867,48.10141192164759,0.0
0.7748602891201831,8.820761307908612,79.36875666714708,0.0
11.56562319305375,6.419630317620267,67.28543398265809,0.0
3.0256240092042592,19.180431737239097,51.419328226636544,0.0
0.6098651122957955,-1.6802031905067105,74.52186950918198,1.0
13.043759960219958,8.958146900052267,105.23454150434618,1.0
-1.4339794532079126,7.577177640350362,89.55587870773319,1.0
1.5609635083261313,6.937553655829506,93.44593500036821,1.0
10.139214541545632,-0.24171830575873604,54.95377224433097,0.0
3.3497471665213867,0.4339574060585798,101.6061915502425,1.0
2.510442689032096,4.803384771062525,87.85221013859636,0.0
2.634603963989925,18.871417229399412,60.39827710074985,1.0
-0.7660221874140154,0.638089386642815,97.8763239119177,0.0
5.835805553890845,11.542203620291868,86.81364642180743,0.0
-1.3411446626243215,3.5992419422716293,66.68892476753594,1.0
-0.5645208354369255,10.969081245440345,87.53898957885814,0.0
-2.645004529554868,5.880564666779756,85.88046516953435,0.0
67.82080163326017,6.554352658651129,85.40782601639116,0.0
2.040373908381366,5.526346566716687,53.527554808228224,1.0
4.4621897326909625,-0.9595238888926388,80.23195554481086,1.0
27.959757002321343,4.010338537057133,90.53247441796499,0.0
2.329251559810974,0.033549143557212065,87.57501861289553,0.0
0.38687375142049113,22.85799517662734,76.33756328997723,0.0
-3.177079889743272,7.730898545321508,67.71450833617939,0.0
2.496521934685057,3.774815056808147,77.59497890020555,0.0
0.3324548487236725,17.047948067125837,85.04251516365953,1.0
-4.052942030109964,7.529823481196744,45.65631290377385,1.0
0.3080760224656073,5.881160090283581,79.48310070141422,0.0
3.3302061601075232,25.12467561831827,38.91752414428057,0.0
-3.7430545218954645,9.000810166274766,51.61129161644535,0.0
-2.175729397476754,8.829060632940958,55.748510850992766,0.0
9.774868455718021,6.4157627370254495,78.8037179990246,0.0
6.606840428575242,5.883389369430447,83.12285678625467,0.0
3.7466191759319036,4.484415563906313,53.655168290651446,0.0
1.8149143925293485,6.007070863066429,86.37512064585609,0.0
18.361627642951753,7.127043996907777,42.64545016954501,0.0
-1.411851424493591,22.147453081072467,87.32963233513401,0.0
-0.3800273949984617,10.848682313986359,99.8107476414107,1.0
-0.27547857612840976,9.163244973417534,54.255298498439195,1.0
1.2498151805707614,6.653124134646173,71.86042563051292,1.0
1.142377184540695,8.330470406285272,87.6929970504132,1.0
16.983702309657858,4.615506082944586,64.46000003715065,1.0
0.3873142631183054,19.434179535345592,63.184325204095884,1.0
4.73146093058888,8.248351291269906,98.06298818233607,0.0
-0.2560695828284103,6.953164161455452,77.50352220253684,0.0
53.49480418095571,15.053575160853288,58.87204582743166,0.0
-1.7500463925888299,13.879696135164977,57.703759481637434,1.0
5.972230789714328,6.38668649862673,99.02360983858955,0.0
35.92905515635219,8.23739029453883,34.26796231783995,1.0
0.04111930213315259,19.435330582625372,44.30560810398834,1.0
35.82745020295384,1.2605507209555886,42.006671005069855,0.0
2.5495882117315274,7.5973017064652835,95.93703204687031,0.0
-0.7730937311297159,15.218568677295842,52.555106684419705,0.0
2.0191236336971903,18.632108416509666,82.89471319576062,0.0
-0.3149675096224177,-0.3683749475112479,84.47446299752532,0.0
-1.8651647419632889,21.092187713033123,82.02332624845418,0.0
16.797562663830444,6.910020911273907,48.10573879422451,0.0
-2.568356279942449,12.358506540839677,92.6632525441744,0.0
6.36090273530525,10.00169673722905,86.46340204170593,0.0
-0.4052749091897453,1.284242097032189,68.12808337592786,0.0
8.227147937923698,14.42310722272464,78.95700010830004,0.0
0.44054069022661446,5.742938027391756,87.06241839403116,0.0
0.5022142886121677,9.295096439023133,43.25183298553084,0.0
-4.656816291325842,12.73009459696162,76.65621553212522,0.0
1.549074491495336,7.825567833234475,87.50302247536558,0.0
2.74858713761986,18.75523142714694,56.64389006036621,0.0
8.374863913060214,-0.8585510985508912,70.54619857501234,0.0
-0.11544728298025253,8.596736350930424,92.19259447339114,1.0
42.50111080756395,1.923774647879387,83.49899827722805,1.0
8.818818746819074,4.361100167146211,63.406171155945074,0.0
-4.910841560732983,1.573203355132689,80.46138100277433,0.0
4.146041673915753,12.59241781679762,64.54496529451245,0.0
3.0936046959009214,0.3703408945074819,72.07581343245613,0.0
-0.6664265195435634,1.5989854274573079,100.58884826452606,0.0
5.175637044525117,6.511490707651854,93.08149454566376,0.0
-0.15326886030259332,5.333408572658257,76.87520621340077,0.0
-1.1582033935113651,34.45049405437943,51.60188675930757,0.0
-1.2850216625466315,37.63619442971444,34.534304792487575,0.0
1.5122463646533408,21.502326539590996,54.313793520612556,0.0
-1.3574079276851225,7.838499312479152,88.95222861104357,1.0
5.8192133976804765,24.14835726924677,53.15328322060505,0.0
0.3094718330914213,1.118302563951683,101.91548372928206,0.0
0.6665167252509844,5.413008346126779,72.65597396848368,0.0
92.42496384451724,19.232042139406992,54.51163643951811,0.0
1.1047416492801836,1.2002838431845915,86.85482803818908,0.0
6.570850663075238,-1.9194265672763067,84.53377240191152,0.0
5.0623405467346645,14.921923613706067,82.039037594347,0.0
45.049104234286006,-1.4577431050875314,86.88780418500676,1.0
0.15120608770976027,14.160039670916563,71.57135128641411,1.0
-0.651521709690269,8.282381399610928,84.26038409385083,1.0
2.920801217945752,9.288105047056716,99.00277375421732,1.0
-4.466674158162553,3.2286525944588274,63.79679167495879,0.0
4.462157864080468,2.877189951887995,82.97193113598156,0.0
8.693358179218073,1.545085058781002,99.54958236047715,0.0
27.315567919562174,11.709443410702168,102.07604138348609,0.0
9.207668047290904,7.129651104812759,66.93547253662734,1.0
4.128462578734099,1.0806853275958828,86.95450600586912,0.0
-2.8605364367491934,10.026327705008065,56.66983965207741,0.0
-2.4902844072440984,6.206913968379882,64.26956473820768,1.0
-1.3627509462743483,7.812973107575308,79.40557753431284,0.0
0.13320745720176685,5.394966830288098,41.00471051696716,0.0
6.825916287638175,17.175630722170865,66.21531245993914,0.0
-3.5593851343181244,5.66432046424074,82.97302147778517,0.0
10.52437092653047,6.503609314726936,86.13373587766503,0.0
2.4009947633660698,16.7328190652651,66.33626911449966,0.0
4.315844124441665,20.956564546820886,98.89781915055342,0.0
13.288790600501942,1.7481314186051393,89.84673026803503,0.0
-3.487312209669298,-0.7533831121375435,106.26178282114034,0.0
-0.007590528235748239,5.278837804085189,93.8671221854036,0.0
-3.5673936919038467,16.693478789198288,38.56408453162831,0.0
4.092686499196967,7.397267999544351,94.39083268322166,0.0
3.1597167069556895,0.6025789171809086,57.42067311003656,0.0
-2.2353250510566043,6.384615326654631,97.29451823971016,1.0
1.718864309379129,1.1751115926756772,100.89346639830528,0.0
2.9040169902461335,4.854190688573132,59.448228990418706,0.0
15.010367168288823,9.523042073739882,69.66043794406731,0.0
3.5247746226043253,-1.0254471004830303,83.34954986906008,1.0
5.91314575729358,8.723057458087048,72.4028856936537,0.0
65.22170189447225,1.0154095649632078,91.90105629350852,0.0
-1.8869952884316616,14.449171469881982,56.68702362909209,0.0
4.806297029062172,0.24594995198975933,76.79313525760878,0.0
0.17022604806633396,-2.934789401624528,87.35392747385916,0.0
5.595523087811432,-0.37826358288588724,69.19594505411463,0.0
1.0273789621692728,1.2160738714773496,89.6580481992954,0.0
1.536829051628733,27.62831251258543,60.52809529374649,0.0
12.205054138537156,16.09086136363169,93.99932234869196,1.0
7.919176531475557,1.686072843967923,88.83246431368093,0.0
-7.214583116745752,11.06554154946827,72.88442991998885,0.0
5.999295266351451,2.7143291570451464,78.35370124300549,1.0
3.012754283143403,3.8436564653252,68.11258874202217,0.0
0.1950896984117057,25.331876946540326,93.8671296436269,0.0
-0.162145521161871,-0.7943550994573567,73.88574501529848,0.0
1.1293069854515783,20.12385351143486,61.071105974163224,0.0
2.729384100110703,7.493449652341578,88.03038213092145,0.0
4.44524604026379,5.250688748167386,78.52636287125101,0.0
1.3122588251280818,2.5523871797031905,97.20300051245437,0.0
0.31913531253981464,-0.2561321827784413,76.98681108984712,0.0
-1.0839122934688166,10.178858141780935,90.01988713327727,0.0
-0.35076033137172696,1.1399336064501473,97.50647188358353,0.0
-3.697624789700829,23.85716539693631,85.38163933457471,0.0
1.754720828009023,9.661290245283487,81.3327824223632,1.0
3.242042647313312,21.669783672178067,46.77793561282914,0.0
13.097412540859834,23.212091550914955,73.67136415109432,0.0
0.6182898396172545,4.538023975621075,90.481457958274,1.0
-3.920723387365693,17.40550095921231,55.00717214774023,1.0
4.463089181225434,6.692668289064091,58.80626807767903,1.0
26.08026069862019,6.7125456609304415,94.54108334325578,0.0
1.058327351723143,4.10827551393359,98.71338966832784,0.0
11.838857441133573,10.641861226260184,55.45031129573847,1.0
4.226924443462607,1.7409238564921692,66.64017170366546,1.0
3.5913786206594085,10.686099187509054,100.41485058906292,0.0
24.125571397369082,0.44097566219345335,88.10542198642574,0.0
3.0920973192067795,2.559115339471404,82.09160543351648,0.0
-3.6667184290086308,24.371945210274404,75.23935860650688,0.0
-4.310667779261742,6.651066580320271,69.46711188960182,0.0
-3.5012469736475356,20.240727224073982,79.09263070713311,0.0
61.32477739370791,28.01063943146736,80.92714445769111,0.0
-6.370719138018069,36.96172001344013,56.0508311919156,0.0
24.57936520493626,13.711059892406809,70.39508658838913,0.0
21.940779803268097,15.51125571707002,54.9768342142899,1.0
-1.095266785301203,9.170485283336529,63.47408701557825,0.0
-0.8298229542923706,2.7145472555575667,73.58771498698681,0.0
-5.436958153023462,18.181475884572066,44.42762701198211,0.0
4.797944815832418,-1.3276532477932763,60.33013594414589,0.0
-1.264454437183722,10.52350092340522,60.774587223254045,0.0
-1.926548772104261,21.650509362691952,76.84577046554058,0.0
16.552594902089176,10.797534266169052,68.1299806750716,0.0
0.5387890460890573,13.388973398247623,63.62440481243048,1.0
4.47191041558726,14.224144596844376,47.59022570827931,0.0
-2.3830342538738174,4.806554556039673,46.94060113185986,0.0
50.83054225289852,7.419270645892663,78.98950639726033,0.0
0.5758688848901865,15.258501224972875,61.38425104498672,0.0
-0.5603249647965634,11.160125848987267,47.08590118607387,0.0
-0.6171514949259612,12.314169368790747,49.88780222135784,1.0
0.9358569747550036,0.48591621498620435,103.74990632161756,1.0
-6.174988193481985,17.202372941811348,45.08974596972807,0.0
8.697110968880548,3.432277381117669,86.20401614498098,0.0
-3.234723570500919,12.145584949331264,39.40206166848824,0.0
25.59418418163718,2.568017213294597,80.66517039347816,0.0
19.169750843547604,7.805354591846084,93.66509644825825,0.0
-3.361657692187419,4.905148157090931,104.12178291864998,0.0
1.0429681930956713,7.005914940735705,79.77783143290009,0.0
2.151690729362428,4.6456729282811295,101.72009862980605,0.0
1.4982094726098092,4.963604961695112,44.87060118369677,0.0
57.19616062427529,6.212912039917595,39.0854568298816,0.0
-5.0767771728556825,25.55832959915582,53.02178847597768,0.0
3.408905416492714,13.141217826392975,93.06425710161334,0.0
65.05931251436891,-0.3387749000653354,75.44237421050784,1.0
1.3879490764842153,0.9883326706384727,60.515257938088,1.0
18.85752781263544,10.644842013924155,56.46692277079543,0.0
0.8210982528553161,37.25819188481421,74.08894450725386,0.0
4.480827038939699,-3.8932557499326177,99.63074719836675,1.0
-0.9798880616351138,-2.5839814965667944,103.42530555865287,0.0
5.568475270568302,1.7729037786158262,80.49926335368937,0.0
20.315660804319307,5.356354167064216,65.83882740691175,0.0
-3.274798678068852,6.660083609843262,95.25847269149659,0.0
6.9018611655747195,8.751002241246148,62.86628489199403,0.0
-6.040700225391532,9.460868329948685,38.11597129105003,0.0
-2.442457230020847,6.744169070632279,97.33322886903917,0.0
6.852906809908032,20.385395823982144,100.41267984840366,0.0
-0.6787908243221953,7.138323860819042,75.56733182938888,0.0
3.5665679411380014,7.366108213075318,58.713959352856854,0.0
12.736954671323574,6.589968270655056,81.67069747006931,0.0
2.6278772362386733,2.8509968889511814,86.76271194335031,0.0
0.37490321263526305,10.806374421743717,42.487019444939804,0.0
5.690982362361834,12.599248372137533,50.9691388020668,0.0
10.20622774535589,0.4184042423887655,97.58317343654058,0.0
1.1568028820416505,9.47982004516711,52.45784745373911,0.0
2.9539095361906926,10.563063923901751,87.51263199060422,0.0
-3.330485224921267,6.27254904451567,78.99109175031683,1.0
23.970573897028714,5.426446448149576,96.12472512661012,1.0
5.098327526984627,2.62011849145286,87.0640595357471,0.0
0.8694956986930087,11.72997382732388,45.7860865193734,0.0
16.13008148693221,7.711949579202464,104.67221453137424,0.0
0.42743396639084646,5.298149724818694,79.9309376363447,0.0
4.545073854099516,7.476980371997222,78.86041633084352,0.0
3.721732106477343,5.398072474120474,70.7151492215129,1.0
-5.460536489648889,1.0819914880396397,67.44406627849463,0.0
-3.901214993217081,8.733449886781543,92.94317004786912,0.0
2.836765786706275,-1.9633736952924674,87.22487177395617,0.0
2.2652389984599037,8.133648994866203,83.46585818783537,1.0
4.719526432488411,8.57372570780581,74.67526615818278,0.0
2.2961341066839087,18.901496444601026,75.17696929694439,1.0
86.48178601383451,23.757696476225775,77.40742766069725,0.0
-4.698045052290363,9.063275839307925,50.01075093496441,0.0
-5.593903875113004,5.514180901169447,86.0609721039043,0.0
13.9088013109506,6.293033471832313,92.11043389745205,0.0
-3.3811345996631976,1.2775963935710686,63.513342163989016,0.0
3.843098017730026,5.284104562779316,87.21182560791249,0.0
4.915272388470796,8.990498955748945,78.20821071865224,0.0
8.291831007804422,10.169006816406368,56.30753641303893,0.0
-2.296440732344239,29.772640516682245,98.1058523453942,1.0
5.476083008410001,9.35480173941267,67.63577700833878,0.0
-0.77353807686163,10.938055406870179,84.83102319164242,0.0
10.407054535978645,4.501582861306338,67.57782914983373,0.0
31.374968798456344,-1.0174089107510946,97.63440780604705,0.0
-1.8155098338656446,28.961893790739435,49.82652870922115,1.0
0.3527118611725374,13.854630880017677,81.35077031461482,1.0
-2.6981729429613255,0.5992641851144551,79.04576093181265,1.0
-1.681485049718513,8.43829139332197,47.76698359714626,0.0
6.006996932292197,4.623385929627605,36.8341232045598,1.0
1.3466364664234418,16.565573204704787,88.17887012853662,1.0
14.463654881547892,-2.366242680618938,96.85336366156626,0.0
-0.9776200421409869,7.777701822522993,51.840211037092864,1.0
4.704533446624283,12.744572931451662,91.35422768155463,0.0
1.1427063314654278,20.17068226385871,61.114119258663955,0.0
16.06412011923817,16.702642512074185,96.5674886913804,0.0
-4.033948204795042,4.077447219320121,65.70947683081738,0.0
1.6663540738813998,0.8697657769358444,80.02690336920716,0.0
21.877742743886426,0.6188661932275127,67.5325093771402,0.0
-5.356108934097148,13.048974373545441,81.73071083789301,0.0
0.8767396094262125,0.9646091983652918,99.15892913180994,0.0
-2.07653640379904,18.371422845039774,91.77816000092727,0.0
2.24094078602476,7.806608127823493,76.01984690323593,0.0
3.680133204694855,6.094578777969492,47.16157464625929,1.0
-2.4238953080480385,12.466752459424951,43.798090676323746,1.0
4.293444168805042,9.824650460435418,68.80451592981474,1.0
1.7518961540926912,48.4270524339274,38.11369388448646,0.0
12.93625009323771,6.657814685493568,86.4855504075757,0.0
0.47191051094082426,4.353969970585215,56.94221049734568,0.0
37.76227876531164,10.483809537556995,63.488204574781214,0.0
7.111210916878285,6.103828729399087,83.62131683943784,0.0
9.465426538182964,8.525867598106858,76.57599815307272,0.0
3.997130870499507,6.083500597263902,73.3156982677414,0.0
37.88381951116466,9.257610197541167,54.48538949470129,0.0
3.895514965717352,2.3569396787123087,87.43592721427119,0.0
18.109547061508675,4.397464608983726,68.32887192111404,0.0
28.746604096785145,0.07602413525182339,102.73217282587429,0.0
2.1667741982358173,6.490973829754588,73.20345125432,1.0
2.0396301984749177,4.159621999671565,70.54847220566045,0.0
6.722742296393666,3.8572294131838665,97.94627648343067,0.0
-3.3714702779144154,2.5543374211007515,58.22940327285454,0.0
-0.4539473501723282,21.23090009366899,48.73280141580556,0.0
31.262052436101207,-0.520967653497912,57.07208188928993,0.0
7.356751939624681,11.777718192174275,101.56942510678384,0.0
4.057497898248688,1.1843653653007118,82.2723094590575,0.0
4.4741479837422835,17.991645682053168,85.0036667456613,0.0
-2.9049274438822836,-1.141027556018049,52.46830207989843,0.0
7.711941332902697,14.107728098051872,56.716001528850434,0.0
5.960791536830195,0.953867248455727,90.18475926654196,0.0
1.9121029894676054,14.458717180691652,73.01160750722534,0.0
1.1530163888969243,6.596104289808615,64.83274187319616,0.0
1.6427035660629796,5.951941711183848,100.38575038967812,0.0
8.45452312229972,2.7744073489666885,66.43431898774524,0.0
-0.16596275145738382,21.651989897375103,95.0254521208859,0.0
-0.08455977711156777,10.40068101746307,93.63342957636975,0.0
-2.4642218037724755,0.768122080232537,62.64172881870354,0.0
-0.31500653793747546,32.14747311453969,52.63295733909648,0.0
7.251464451495208,17.35998988231804,60.57599554129546,0.0
9.728208349139472,9.265872809726606,92.58970058667771,0.0
-4.921327352834142,17.016750641036314,66.98134427309122,1.0
2.939149070624283,5.4630674533695975,83.2572482683271,0.0
-1.5094641362201824,0.5701702319423352,71.8110687299974,1.0
-2.8820472330141884,11.510261968659501,78.06379014261516,1.0
-3.524637869363283,-1.6559610138566891,98.6649624789986,0.0
0.37431947202743243,12.430077614513246,64.07346242257587,0.0
0.8166497815150884,0.4386769374349639,89.04387639358178,0.0
1.3652055698785537,2.6775079570497002,92.12639489102284,0.0
1.5620362247909834,16.98889551205785,53.564433795292345,0.0
-0.1441763541535599,11.468432356525522,54.25210538977573,0.0
-6.379177717450334,8.01399321111159,90.60318181133297,0.0
3.4754445083975294,21.715498775155776,21.112793451497456,0.0
-3.223367909009638,-1.7137004673238156,77.98429458539985,0.0
6.515559510026737,11.09070394820451,77.66412606387698,1.0
-1.3810422652835408,19.537158390085764,85.30268437893037,0.0
26.102717529704623,10.430086687307973,77.75893356181528,0.0
0.5001577274711856,6.477375511449395,72.5042932926209,0.0
-8.35942683481185,9.45815347777354,52.456680537902024,0.0
-4.719817884064172,7.160856350162094,82.01454009716782,0.0
23.902919729174645,17.831852358941017,95.81581328065592,0.0
67.79320408514181,17.142573305668822,47.02211962648115,0.0
6.230955731494408,-0.4893619263488776,99.87862279974672,0.0
4.562617056891909,7.913322772183568,84.19326989526343,0.0
-0.520864577641856,0.37280891692109436,71.43946046661507,0.0
6.606033344620636,3.199350317491042,94.92671599059689,0.0
0.8167104033376075,21.07394539077383,54.67088334542624,0.0
10.124719174980457,4.967692159812637,59.07756572882544,0.0
2.0343946377854722,5.7165741270740265,95.65847380176642,0.0
3.60162885971887,6.768059549117792,42.44810572660402,0.0
27.388634561884928,14.163632233340296,51.22804670358793,0.0
-9.814455693485375,8.125532563059444,46.37687764391853,0.0
10.594597024224392,0.33245101887309647,74.6742056690964,0.0
22.83284527544578,-1.4807492525607449,102.57255803368155,0.0
-5.8499446927241765,16.519141702346406,97.33807848649232,0.0
-3.615552529984527,1.3427819603205955,76.90882754622649,0.0
34.62369161608428,7.425265171615361,59.94278638392702,1.0
-4.813531908197125,8.879171391680705,38.368684633783985,1.0
2.1048180084669514,18.706428387110293,88.14263145545259,0.0
24.841700172540165,15.834186894035234,60.419439244426705,0.0
12.526765323480653,18.236382951444725,69.40612662436344,0.0
1.7460227216590771,6.598323354794703,53.71908097437944,0.0
-2.4684989926860563,1.3202808637174015,83.42150497087918,0.0
3.7976907670825644,20.61111528161663,72.13350112472135,0.0
-3.1785337553829045,6.03473062853717,90.12736933903109,0.0
7.295815587963535,1.8577054380363365,92.41211778042616,1.0
61.49307264433669,11.0008930060039,48.402552563880846,0.0
3.3339066058713125,5.672996122883562,81.87861110561978,1.0
-0.20742472068782908,31.090680628305073,33.285852415654674,0.0
1.651651925151878,4.638281779341669,72.12909842344948,0.0
7.2971304439443205,2.5683324122774125,79.35573060346178,0.0
-3.616053297844957,12.611046325726097,44.93074881627133,0.0
5.466275024464931,7.392636600060725,89.54883503568959,0.0
-2.9360587315144038,5.071075691888191,83.05934159964386,0.0
1.6361525884197425,31.031267962051196,45.92623533649172,0.0
5.412499344444217,7.032320436784014,90.50943193455896,0.0
0.532073826068206,2.962803653306997,102.48245136912338,0.0
-1.007179506102799,11.046809152900392,63.06510744612612,0.0
0.5105612238071525,9.302417421364511,82.39563369757153,0.0
0.6598225715048104,0.8199315290233078,99.81041405849632,0.0
5.447900913138144,17.83185664326512,53.38814595016896,0.0
5.89678170478977,24.0291915038198,82.19156424448165,1.0
4.92186082418418,1.9410815649661899,87.58747961933432,0.0
3.43897213115224,5.693522173144364,73.97163922483745,0.0
1.6182755425313897,-3.0480626341826733,85.98540263563922,1.0
5.188718474429571,1.092730699533585,96.35222355859847,0.0
-2.936212625593143,14.343577618109528,80.05142639596887,0.0
-2.614398789450813,14.880187598322188,52.00299639555831,1.0
1.8941519310595303,13.211812775684901,97.93325176789506,0.0
4.465237267497123,4.452149305945463,60.508682571930144,0.0
18.101083085092657,3.230184670742612,62.97178333767679,0.0
15.263334374673754,0.9222144601390271,84.20198163260547,1.0
2.562914019701584,5.6765705348516375,51.045870519144884,1.0
5.326692891109058,0.9215842860709855,94.83099117376842,1.0
47.568670021563435,-0.11204967473372739,87.5724253321838,1.0
1.4703123924183468,16.506686245010307,41.46697684497034,0.0
3.804659556039357,-0.5951826229420443,90.7359209538041,0.0
-0.0550843031864236,11.219359458578001,56.65419821173521,0.0
3.490338745969566,6.166210548968525,70.5256061887237,0.0
3.4630048462833187,-0.9357898775281975,68.45347269777461,0.0
11.952334981858787,20.642264662609804,73.73118305920241,0.0
30.67685711942481,11.396346675648836,47.63326129393984,0.0
-0.9788653645298895,6.031059927041117,82.00303477514673,1.0
17.305098496232446,15.201250477969475,75.49069168823189,1.0
2.747098503424826,6.570021516707227,46.50928445463654,0.0
15.416201133377696,7.4983130772127105,67.44691345321533,1.0
-1.3203751016626752,1.6741070335369252,97.90979066251342,1.0
46.186321128690444,23.07822605650639,91.86256218880011,1.0
3.5877200164614407,15.96029018661148,69.47142012828073,1.0
27.723425128647783,22.467977907436847,65.55221596880651,0.0
0.7687084231495379,-0.36388265028479005,92.71600197882132,0.0
-1.0144379197595526,5.397152550891346,57.71524106316327,0.0
-2.801020316808663,-0.8105961653660343,68.95484582313259,0.0
-5.625913296528436,25.273057195975294,61.386250286373055,0.0
3.5487612563289566,6.429183983850292,72.75297138653012,0.0
1.4642815656914665,7.405986239515547,63.47314496845496,0.0
-2.072744376333684,8.331258415963038,81.61178697321431,0.0
4.161672108242526,13.046223976519016,90.57517496613698,0.0
-3.408293200189952,7.276394105623577,85.32463371703598,1.0
58.77812884531658,9.919177958511735,94.30312505028746,1.0
6.5786034478930535,0.7793985512697914,98.69422980222188,1.0
33.50448809234521,6.253132881482363,48.9259352676254,1.0
4.479856495070976,2.4862182003955464,45.26222804779675,0.0
-4.556166046990648,8.054377103985185,91.77219547609106,0.0
0.4980111021914908,5.480563542598871,75.18041051378634,0.0
1.2878378642940134,6.030455174326656,65.87461988853755,0.0
-0.7535068907670746,-1.4066931985664797,61.31612580996953,0.0
0.5255602394530423,11.33787834179137,48.05336599738622,0.0
3.3452678970714,11.414952536137221,69.76986545906078,1.0
-1.412744089028489,13.585922422264828,62.83252766042588,1.0
-5.31654899507296,18.977703238133138,81.17586331915004,0.0
7.726998765690408,3.4612984717804194,80.28568025878478,0.0
16.26377625690343,15.317261176388659,63.970466283936865,1.0
32.76258714747064,8.520988569287926,60.66084395828513,0.0
13.388844676749686,3.322636759384002,49.57297071786728,0.0
-0.4473083822984679,22.60842216079023,48.397236142370275,0.0
30.123583300249724,2.563775226816746,72.46246847821386,0.0
2.9916392554485904,10.031160211469526,59.58228535741806,0.0
8.456429749724617,5.855542868686265,43.320704951038174,1.0
1.5491156942050557,-1.622483657268296,100.72352683021583,0.0
2.2883772314044784,8.644845634422161,93.87210448940583,1.0
9.053346252204475,-0.3632482873128366,103.46397063657307,1.0
-0.6308340338313249,13.292220262270776,61.39057575445149,0.0
-1.681030180405715,3.9822885009725564,91.97689971472629,0.0
-1.7025815906112922,7.837743228300638,52.6487259074752,0.0
-0.38138294520250304,0.836482575323198,96.86529252230879,0.0
36.109463127183616,17.601154418684423,89.40281652131557,0.0
29.83472910042522,10.21847083979553,53.03745240383123,1.0
-1.4942454831263094,15.122012009112497,76.06193658786312,1.0
4.344364097297634,4.710324106272004,95.75255743357152,0.0
3.491051177879746,2.026434970273995,101.48470445441413,0.0
-1.3670981121768224,31.203863910067057,47.56145946702662,0.0
17.72017543890383,7.383176776882661,72.78285033155109,0.0
-1.445605204418517,11.992959852216801,100.03583442469142,0.0
0.2979984706460508,5.767847441525655,87.3646434654941,0.0
3.9783656847460613,11.749880299208044,81.60894613616146,0.0
8.058264619031522,-3.457420053658059,93.29830065136657,0.0
-8.568346351876695,9.659873037056416,44.60866121886883,0.0
7.294882756901669,2.599798337194779,94.60478947985636,0.0
3.629724030724005,-1.1005221349624947,91.46126853833428,0.0
17.78182304627819,6.911710078747891,95.03369679918157,0.0
2.312162920273366,12.400940081440861,74.82673190916456,1.0
-3.7527487769075223,10.06605848279164,46.79942947657017,1.0
-4.457989135568177,-0.6549563600752923,100.5984933102806,0.0
28.65586930550488,3.6883792426550355,38.95644428083917,0.0
2.96985142428494,12.715884582746188,84.63855865343002,0.0
19.194288164536268,21.540642614988666,79.24734901904996,0.0
-3.588191036525741,9.375630748064832,87.19698575560511,1.0
-0.5830671495288178,3.679269403118508,93.51263983283833,0.0
16.49520870878858,8.492763043362046,68.9587512358335,0.0
0.9252037757359183,4.943531843020106,58.04858162577741,0.0
-0.7253007095464746,8.677240937046996,43.548795032654425,0.0
22.59396160531147,6.36656999296437,51.700669028056645,0.0
0.608186583250163,15.571128467783904,71.0995482492423,1.0
-1.70091465330172,22.114629229145482,46.1388686634418,0.0
3.6240410947223456,5.499900386416357,75.51302928361265,0.0
-1.1948276939120444,16.887382355940893,80.16269641454197,0.0
-1.4410802414663895,10.106997389336309,89.79362335709585,0.0
1.0276028331058358,8.059621080756877,102.18966247047085,0.0
0.4261652697999395,6.893432970587052,67.73314723184505,0.0
6.462376368433833,8.211742487212955,71.96964694649162,0.0
-2.3781108883427455,12.682676484934744,72.35865285311036,0.0
17.95986663602329,-0.4184348065924276,72.51076165744423,0.0
14.56331992940917,18.211285816560924,90.72662650694316,1.0
-0.8874001260562301,16.18617139648174,87.67919414293058,0.0
-5.824443347654643,16.796179898807715,82.28450383914445,0.0
0.1458835444541391,-2.110928891127921,101.39744750227491,0.0
-0.9417017396334668,6.455532427984782,76.46258067516219,0.0
3.4725544386470673,10.076674253253795,101.03412859768582,0.0
5.9497630712214375,15.682321355820392,50.266750493686075,0.0
2.0602644916548094,4.760866524469945,46.74302517155818,1.0
-0.19066038147330103,9.003090610283321,87.6830059973795,0.0
-0.2958549207521434,-1.7966357595341285,89.82113230177438,0.0
0.979403059044738,23.123956128221515,71.1466472253595,0.0
3.4247906509874886,3.1445375006959595,65.5711642520704,0.0
-4.233427033895478,0.7509987290749713,91.24715020553974,1.0
0.3697863859659804,6.4197047509358605,78.26450700458884,0.0
13.392270651332081,24.173601081633755,59.92013618088641,0.0
24.618807858987996,15.171181838655349,47.625237734538736,0.0
8.235051870538562,1.8496548519091693,81.55005472805337,0.0
-3.3296630436544015,27.005840445216055,75.09194268857097,1.0
1.6615781634467572,3.9752046106465047,72.76422439887178,0.0
-0.44356642605791946,2.7278027812668437,91.68996694996318,0.0
-2.1843818416763257,7.718908496921809,71.90780708556564,0.0
-2.3160479561149327,3.7583034806934514,102.97252279140146,0.0
0.3116618155885364,0.39958068563184024,101.69337354927657,0.0
15.966186593347079,23.340122846093205,54.85881459103348,0.0
24.543819358049497,1.2359151290045376,50.46270871107182,0.0
11.684487516505085,4.937702153713365,93.13871837509458,0.0
0.36089597173406013,11.606281055050719,89.5898466006672,0.0
5.2041727160520965,33.29340585835911,40.306251659281784,0.0
5.221063365898781,7.852403080736909,94.6821196354242,0.0
8.596353564326913,14.727023273116192,30.8685442006635,0.0
0.4151820820911722,16.676002359566116,63.76596015907713,0.0
7.269302095598184,1.9929792564305973,95.32570098042484,0.0
-3.425203224264686,8.67382431108505,72.28359573185944,0.0
2.6967049407414505,9.349264276694758,68.01930189718225,0.0
0.19509481287235456,-2.2884313689728266,61.63863991164391,0.0
-1.7753971637477957,16.647126532194243,81.03942802487882,0.0
2.889544578272149,0.2915340838580662,80.38321111744271,0.0
4.132152418076625,5.214995442802799,74.22535100562712,0.0
3.345777529654312,-0.8844375487172331,78.96577218199087,1.0
-4.023682052993869,12.226970065608555,67.18098872043628,1.0
14.649533326497448,-1.6436288878154512,97.61856420407732,1.0
3.07360680620074,10.2130865898278,70.97704280404687,0.0
2.470317668519355,18.736783958625587,60.62029535848565,0.0
15.331988263291196,19.63361876963934,46.31579962789597,0.0
1.7695086186394053,13.584659698627155,91.57007192600143,0.0
0.1424443817907579,17.416558977579793,68.16826337511903,0.0
11.457045552541347,15.553889291835134,66.80390050069877,0.0
2.5197056328834027,7.143586499191239,72.52573106446552,0.0
12.871649625382142,6.719304408128599,71.06931511203089,0.0
15.232273108292539,11.417834278507945,75.08432317093,0.0
37.87246698735842,7.789157098867576,74.08478211957357,0.0
2.0442500838523383,11.097522912600322,54.54837706681527,0.0
4.3568811806575845,11.351591290430541,63.65804543396722,0.0
-1.379240660390939,8.808845096339365,44.69348197869696,0.0
4.180297731781943,1.327258110942873,84.35428071769304,0.0
1.1337188916160827,4.2545608764793075,91.79638989054642,0.0
0.42746789715740346,7.262860746048622,63.43120548372305,0.0
8.27046649752888,6.423434301561039,64.69157685753895,0.0
5.883777398272373,20.652580267538276,62.622680712911226,0.0
0.0771180441250686,22.01891863330305,71.41422372218587,0.0
2.8307047019335503,14.571603483654329,83.98342938617482,0.0
2.663536716959105,-0.7596904882967344,77.59148519492852,0.0
-2.780362046484141,3.4478477949286725,85.84764352992141,0.0
-2.556920922409162,3.5396922385818073,83.79657420231749,0.0
9.247634068467264,1.322967507946034,101.04612879303653,0.0
7.005485568064134,22.333221544364424,67.39790597664764,0.0
40.16764551562194,-1.9994522300478201,73.00703552946663,0.0
49.207498916935,17.524922083511406,80.22383347015017,1.0
-2.2882821223328573,-1.0245917781538054,91.40209444788134,0.0
38.247506631559375,8.766810869835233,64.27240608606637,0.0
39.03072229569275,5.881120914661107,63.81456052992552,0.0
1.4428600146746513,-1.781603071834906,84.36184836483271,0.0
-0.3899127909529257,6.741500636942457,55.83579652375829,0.0
4.490835738658181,0.7665027036347066,88.19290582584408,0.0
3.8397010825736757,6.784011703437116,67.98509893150496,0.0
-1.7810654711500153,9.565420125764913,101.1397695602864,1.0
-2.5652286312607533,9.526836822241144,79.81650858870488,0.0
31.31015136847526,4.412491843035166,73.78058007136008,0.0
-0.1488432866353956,8.77696857027249,43.76824991157512,0.0
3.824010129181036,1.6330112682529379,89.06048405322778,0.0
-2.0072949172949244,14.683227812902569,65.4718911860663,0.0
-2.9494254053397357,11.198013887825597,40.136406567256365,0.0
-0.5869802982600656,7.533022055535586,33.24372044767581,0.0
13.476459585645824,29.90132247096532,68.46303242269276,0.0
1.2644487351964138,7.312978042485019,45.118234072181,0.0
23.796336046637393,0.5926353954705521,92.24126856892536,0.0
2.298873423465796,6.246343493369755,50.986756416659155,0.0
0.5161260975328633,7.333216605799045,57.91549180327372,0.0
6.687172993114158,6.192658429637813,96.5749828437148,0.0
5.624246844953181,1.2787202887628382,69.8890939673413,0.0
8.239756890568568,-2.48271350382767,100.10846065781698,0.0
1.0604249755589887,2.3217920485160373,69.62610207520945,0.0
1.2265253223683203,23.35704823317149,80.3396331879413,0.0
-2.6084852099082125,-1.1206761094111992,98.42884769470666,0.0
0.22630240788987885,0.36338558461189213,66.59797425033923,0.0
-0.8818967281404361,0.7245810208767898,90.66911586096974,0.0
40.462959599605966,19.66906785924266,93.12143638295359,0.0
-1.7850507569731526,3.030113779709898,78.4884904583433,0.0
2.993244952576412,23.998364056506716,68.94359593605115,0.0
18.160344086556606,3.015478322638397,46.01508949400892,0.0
4.4688365637995755,-0.4795466322639306,85.7216042350172,0.0
3.868092668996323,7.332274983636571,93.6021157095404,0.0
-3.30098467846163,0.1498621766385681,95.83748754532427,0.0
25.23019107488014,6.541068411867682,67.55072719561404,0.0
3.3135239653212123,4.902575907637597,93.52183379841895,0.0
3.1417937270983334,0.1971943098529693,88.762853303187,0.0
54.307234986862134,8.003974993254324,47.96723726664901,0.0
6.448020248003418,7.548333480016556,79.39627070218275,0.0
2.2010189046646267,-0.3933409112051735,93.80907470736113,0.0
9.905795049360364,1.712987345431113,47.69983914099856,0.0
-0.9827972281120576,2.16772385119979,76.06853264499706,0.0
4.34632226817909,8.202379423086107,81.23621897740269,0.0
3.9040456702356328,6.8999429671485135,95.2698724302011,0.0
-3.906410953101672,6.568852044865306,97.93587669527928,1.0
-3.3033855211100804,8.990675935324713,30.224124408540334,1.0
-4.630680552453015,8.230173681816186,40.4680271776514,0.0
2.236870973475482,7.413621493758775,61.811901256574664,0.0
1.048143272785866,5.679788213644593,103.22347587485008,0.0
3.730105714280572,-0.6656026922634144,70.929449495085,0.0
17.49569029191625,8.186646873390384,92.09710977137203,0.0
-0.3460811143494817,9.39416718205317,69.35898779497005,1.0
5.160006793913533,20.745112866085538,58.63617862469903,1.0
1.1091006111929143,0.6746358176047962,80.46121487431074,0.0
-2.1206910737949354,6.037816285472853,45.366265346016704,0.0
1.4944854077732086,8.036031741275448,60.30968588925464,0.0
5.942937084896332,10.132805662706705,80.08360681736028,0.0
-4.137964146297249,7.934208538397838,75.22204197770945,0.0
5.0377753114343236,13.998500787125197,71.6292550162103,0.0
6.067846497389164,4.371519646537081,92.3610990036735,0.0
-1.83228651843983,1.9764152922936684,94.80729263322199,0.0
-4.762819928494061,7.3983028689371855,67.7853878761793,0.0
9.994339659969015,3.5229398528926117,96.21650217668419,0.0
-0.5811047857636862,2.573077957255707,97.31601943209624,0.0
0.12793525693715146,8.67700322153709,93.32083741881917,0.0
11.958801392407942,7.496005783185415,90.4615539651838,0.0
43.553590109085285,4.1775233556586215,97.97942866597973,0.0
0.7204048418681223,5.506683083767389,48.41938995142897,0.0
2.150989365369151,16.47067809549163,26.118586453055244,0.0
-1.5719615020658748,10.572347522889993,75.98493128707912,0.0
-3.70748063942985,3.380627094457492,89.82094759916814,0.0
1.1152138974773298,13.131211523493791,72.36168969670314,0.0
3.4374780665897253,3.885883751266946,103.4243115443094,0.0
1.0723621116265032,18.304321129636143,71.46242623256697,0.0
22.605478816273383,23.173953902844563,52.78357979182602,0.0
21.109301909688657,3.807888652009717,78.83691874220521,0.0
-0.48581612197911705,6.849017821107303,99.66932151955079,1.0
4.449035446232478,5.79213471231119,76.13956430139687,1.0
-5.861961976295106,5.080391907512153,56.71548383083197,0.0
101.78438834216608,6.6268291392801,62.329365178539135,0.0
-0.9160851206161191,0.68576184687076,91.7754822715683,0.0
1.8549203304801387,2.4055695680179605,79.62056602143505,0.0
8.673413786338557,5.800255936311855,99.47794681456475,0.0
8.737195506184566,13.832816616428378,37.26006627795638,0.0
4.598405353924767,8.673676991598356,92.32574699903957,1.0
0.7865952761615691,-0.9490465978374881,65.06458856430842,0.0
-4.089022455585441,16.52204068953839,101.44463940305604,0.0
12.683672842522364,9.556523454913323,37.13232920407827,0.0
-0.48416437066315016,0.04421998619120128,87.67580680835151,0.0
-3.016705213095026,5.213830638020846,66.0228673293186,0.0
6.720446507848511,2.922372715443431,89.76803760212209,0.0
2.889588949194788,12.949607467788265,48.75309607388729,0.0
-4.291933614236075,5.129144638876826,80.45731250128101,0.0
-0.9212835387662098,3.1524403452502554,47.0956173005058,0.0
0.589133607637071,11.861177868375272,47.92435197020575,1.0
5.447857308017593,7.222495857952721,55.660487466720426,1.0
3.1205041131166817,1.8030209415445686,86.8321730859859,1.0
8.936233160288479,9.349358360377153,52.02857577814227,1.0
-5.595992823607231,6.013282473590335,54.13695399176528,1.0
-0.042942831076411156,1.8243375999241151,64.7074703732431,0.0
1.8555024387082557,8.137292196158526,93.37112438264866,0.0
-3.63310995419025,-0.5677820763643147,105.24104790296221,1.0
152.58562797370269,19.597057305605073,48.24742101257963,0.0
2.1775078037416997,18.777230367926528,83.08460919033983,0.0
-3.747048091307751,5.622021771900606,80.94157907918549,0.0
2.3703294818992613,20.629308132582786,60.51984434888191,0.0
3.1672116578650895,-1.786652834051758,106.87627157892513,0.0
-1.989701393033389,9.190205798922568,39.53291027412744,0.0
-1.7596182454805334,15.386677736315047,57.507716961345466,0.0
3.4738679470510343,7.459536576450446,63.38391668118498,0.0
-0.523964801181003,9.734036410812497,85.30557061239627,0.0
2.5542744353849285,2.6786687320084646,78.49641039309265,0.0
0.02176526924898651,12.280116521090832,66.9842578672222,1.0
15.108709159527281,7.556593796775654,64.24454017172133,1.0
2.1029666622228533,7.799894085115557,91.55194573778954,1.0
12.27888921159842,6.53411600214344,54.055049986296424,0.0
10.023083206635642,7.474534764913083,85.44861793019848,0.0
-3.6881017706852575,0.3344040813502555,99.33070409333263,0.0
1.6226899329611193,19.9066214302375,95.56879161659509,1.0
-0.15399746589947202,7.34523756312842,54.63625570344933,0.0
-0.9771526611872718,26.578641236578008,58.64133758040759,0.0
7.152130366923494,8.25985522792157,74.31123958173593,0.0
2.5676768755609976,7.3446933136296915,98.42121971587221,0.0
-0.6182667018888877,-0.2478853526595069,64.82850720115512,1.0
-1.006273361326719,5.4290639917578245,33.26645098398515,1.0
4.169468753349547,3.080201489989779,54.31963327076497,0.0
-2.790065123061449,2.78790488207778,57.07500391180359,0.0
1.9443080023550736,-0.022160850663168002,56.87708359461905,0.0
2.5562029256414376,19.615620996176265,51.30771024664556,0.0
-0.04956232316144698,6.826796761338436,77.69259876265463,0.0
-3.236227982323473,7.906068714913518,91.88255360944292,0.0
18.250440334722782,22.58530625468758,86.50874869825489,0.0
1.2769693582546962,15.097899480681436,78.66528920274475,0.0
1.385802679016155,-0.9407224303744189,100.74181102035982,0.0
-4.807587629526075,6.9959599254964235,94.43452875811386,0.0
-5.424228381592189,7.409277071592883,97.41060510922235,0.0
4.326283740700621,-0.475426295529845,92.09944165653161,0.0
17.274060115828405,11.479271519033446,70.82335271907007,0.0
-0.11443022883485497,8.393931331268448,92.64238294011699,0.0
10.943788994410479,6.603260791294549,61.5608410811526,0.0
71.65314888078336,3.285637261856589,98.75319331675375,0.0
1.9379965947435895,-0.9219999607016369,98.16931597891787,0.0
1.049456010075089,7.3274234095967525,102.93805225490813,0.0
105.1247181874639,7.002949736137124,57.55876619188485,0.0
0.6448492104853771,11.630308572411575,88.28173405279374,0.0
6.859673686818968,30.305218516831985,83.67807464243366,0.0
-0.9497630666436611,8.902668387936568,86.27423320002025,1.0
8.921986665384479,19.4026470852257,67.551080039909,1.0
8.542797621691433,15.776480025329002,91.2002305638278,1.0
1.9188852473270321,10.57145448222209,41.082113795738,0.0
3.2688447921283466,0.20078254109883228,90.10521267431173,0.0
-0.608095762739318,3.415164380908609,84.72947498129585,0.0
-3.0644438233938343,6.344088042019319,62.50013058587009,0.0
28.866708555738512,10.011577929984803,79.4480710444132,0.0
1.3819923450909055,2.1200189658602406,63.62724444218005,1.0
9.346257766792043,6.495333582608472,76.09189480644312,1.0
-4.182476112810335,6.8481322383773975,87.87734885778518,1.0
6.363678558399953,6.377110973096623,84.07071527245974,1.0
5.770028377739783,10.87075579787998,47.19087594265495,0.0
1.6751088072202989,6.578954843495006,61.75842428562992,1.0
4.442312755037338,2.8835026329937117,82.44784189523224,1.0
-3.7700297380964614,8.052425265547267,61.96733092630199,1.0
-2.683670086900361,7.9538753871020615,51.85890007449923,0.0
-6.9568909987210255,2.6731600791005867,79.81662275726455,0.0
-0.19226242445073227,14.905875272074674,77.51966767519738,0.0
3.442197443574597,11.901749138492573,79.4581837905205,0.0
-0.6830692898783215,-0.9471034019367754,58.479327506468614,0.0
9.72499280324896,5.296221576149319,74.80899372008935,0.0
6.320635862166151,14.115048530722824,77.84331753713651,0.0
55.2427566948851,9.311530148059829,66.11245699194654,1.0
36.5278452566282,0.6443116084364527,90.1856776275513,0.0
0.2308494078350279,0.7914378188411444,79.63252477465133,0.0
7.5172899207656005,17.084624049579126,42.76271568180558,0.0
-4.123289733981454,14.485990915849625,45.353283768716835,0.0
2.2437412536990484,6.530089556244215,56.36207192576568,1.0
2.1675015450904387,-0.5371042917886741,92.06623720922784,0.0
32.96018862801917,-3.418277146638936,101.40099032002347,1.0
22.555027359474995,22.45600324227614,43.72530552067538,1.0
-0.23517594399731445,11.811210768317446,52.23827531774577,0.0
20.19958079096854,8.502577298368124,95.90121205428164,1.0
3.7695534684186276,8.516310498609135,100.87794432709494,0.0
-2.82348810091204,5.206346032399347,99.43047876077816,1.0
2.0011767317825804,2.9538395593462643,70.00424575690805,0.0
-3.752623087065275,8.356043356082175,97.447277156861,1.0
3.279207311800345,1.5290697253403331,39.13270480798545,1.0
3.138759979043959,15.808199285242189,87.79250777605361,0.0
0.6934143685970993,-0.7040593868564902,78.86021408925983,1.0
1.4582824734703692,11.809502082266333,59.20469953926034,0.0
2.974947110963229,5.209651674381126,63.83881385880573,1.0
-5.532175424500965,4.674853528714043,74.63135384564927,0.0
17.341631419712545,7.206440442778837,78.15274068508117,1.0
2.6204693267918917,-0.19824667240750984,69.79063105115276,1.0
-0.3309305732622868,8.488683341812834,50.17285081094951,0.0
3.8515757551965626,10.921000880099326,98.23810984959243,1.0
1.10856881318572,0.5446873547409375,52.84059766757065,1.0
121.9214011990077,20.173614023839367,81.24613914865535,1.0
5.878650324193808,5.418616114724825,89.19255319235454,0.0
90.17945777471043,5.089990863615238,77.57880097909661,0.0
39.14426543114287,6.70725565423651,88.89872740629264,0.0
2.6504401479332236,1.6986931700876724,90.67827975798687,0.0
1.3052412477756656,1.4483812796444437,82.05842197281486,1.0
4.514946187003957,7.02935846312658,69.36958969010142,1.0
-4.48121876958738,5.725198891087056,106.45933232791322,0.0
-2.7685460827946002,14.967932475672246,81.43309830111455,0.0
3.581409924135711,4.125554134013814,60.56004032689313,0.0
4.804033357104866,6.189657551325098,77.27056114225121,0.0
3.9031635966283305,6.839265123119298,71.98416155540426,0.0
-5.717859816705993,24.820471075292637,86.63231544122768,0.0
0.8972772004544041,1.328157628217325,102.5077197311818,0.0
-0.2435959186875362,9.118720636556834,43.39944345968894,0.0
-7.6459516401875645,7.389940071077458,75.64972538577051,0.0
3.1259649485517196,13.193726857096657,73.4668917002637,0.0
0.29186290142581384,-0.5067986166623347,87.63871695310509,0.0
-2.710387952115814,7.163172320689901,66.11720533781292,0.0
9.166349554237634,-1.801146081570438,103.520539436682,0.0
3.079473807193011,23.12964481048207,73.70119694312268,0.0
-2.571012198922825,7.063877898467239,93.26728215894697,0.0
2.6033403422656503,-1.459254081611619,82.92898848422861,0.0
-0.6761756399726724,-1.976833643317034,87.469454522092,1.0
-0.2518977989581813,13.71784150121101,59.94776778518707,1.0
2.92356533606203,-0.44349703671693974,98.72459522381315,0.0
5.258869917789779,0.606701962420767,96.89469198438393,1.0
2.1458848774869463,5.784813591297925,85.46321638832734,1.0
-0.06790134494905756,8.32360526484597,66.07383147776737,0.0
84.3524388956273,4.363565402610334,67.41126996340275,0.0
0.9645977061913427,13.126031344363914,60.711509431202515,0.0
-0.05284388050582792,7.771373289313464,86.98824730053082,0.0
1.3691485483696353,10.614421141454013,97.37959592723901,0.0
-4.861206349403998,10.657056750200216,59.034459978442555,0.0
1.2747114452677553,10.459058533588793,58.85419172369474,1.0
0.9051273964340669,22.592219283618718,68.62082603702872,0.0
-1.249194873588672,6.294526361999287,92.10000401498395,0.0
5.737107758988669,7.950051465508334,87.44014294348267,0.0
-3.833334511105412,0.24171835211707007,94.76627471282745,1.0
14.701929568665395,4.9581971738360116,98.23590869873006,1.0
17.007352222125466,11.153917729830763,58.43749870514599,0.0
45.28178050616599,7.779377132695732,75.11220379317051,0.0
3.641734313032607,8.884511261049798,85.09400700022816,0.0
1.1644563677723556,9.27047815768188,69.40831950503647,0.0
1.8450323243586177,12.336646778928046,58.20897523274739,0.0
1.5416672721626556,-1.3636918293654618,72.91881829181243,0.0
1.3382298971126751,2.981234071155936,87.50340328309004,0.0
15.761530608586915,17.065574500104766,42.67331121304376,0.0
-3.773604859379436,28.244450930212423,84.24707138823916,0.0
-2.4308523451176556,4.212854489348759,73.27175370054584,0.0
15.379930272256246,16.149103552019064,84.197503590401,1.0
2.34574436094287,8.2028055609752,64.87734087175645,0.0
10.33961206707539,5.706651520268655,74.6585996958878,0.0
-2.606610327544911,17.567404408655275,71.81094278084241,0.0
3.262629171421594,6.7206956658290276,43.011500823433344,0.0
19.826635021228388,17.866606293013508,64.2203423966643,0.0
-3.8094279040996435,-0.8768440366568342,84.65728345529355,0.0
-2.2887880017280597,9.081433575352204,68.23952394466754,0.0
2.241182739176666,0.8347652205580931,100.75466083141568,1.0
2.850711632353505,4.659586204636983,87.15586296501685,1.0
0.2966466450199381,-1.6474540067567203,108.10655300523887,0.0
0.5392387685607147,5.358831177583242,77.24092456326113,0.0
20.99532329900466,18.440743876009357,53.591898492292444,0.0
16.33089479638474,3.176244342657424,84.54487188179816,0.0
1.5816165997577283,8.95855355024404,75.53956226150987,0.0
-0.45777089322266745,3.437153016440887,54.42778031083948,0.0
6.023011285715543,3.298836449990703,103.28862730730519,0.0
0.4600423968648478,2.041346148372145,69.74707576579931,0.0
3.195453876774102,18.3399519474794,59.57359457543313,0.0
13.950214216813837,10.079449637187967,53.552647179247955,0.0
-0.40074818606275875,3.7499003273849247,98.37326100766246,0.0
3.6340527361171198,17.23650899115218,88.03430561959267,0.0
2.7557490110756007,4.831586530521064,75.16068470708464,0.0
-1.4763835468465236,7.962653972752117,59.65525576896343,0.0
0.8044947208234601,12.344585629695073,93.39159718288441,0.0
22.186161395952976,11.788853291574801,60.74549323027852,0.0
-3.682497507511247,11.609172496663088,69.69772882220026,0.0
0.25325824922691864,10.29350817854723,90.86690661448617,0.0
3.030990960624873,-1.1137034328385271,94.26290073030862,1.0
1.3115404479889747,4.662071679635887,93.97145688075581,1.0
29.02837483971406,15.336487960464005,74.41517747825702,0.0
3.296987234902439,7.121173129728303,97.83767820335774,0.0
-7.14606347359332,5.719363072665867,85.97265445786459,0.0
0.47712817705243726,4.064006999652032,54.80156060636762,0.0
66.25662671925573,4.0075743253265586,92.84079711474004,0.0
-1.5238118352503083,0.28539163356925507,80.14183515865962,0.0
1.3386931900169574,11.508384022144488,59.781730877457406,0.0
2.266024886294045,20.191402515442174,61.57103199850956,0.0
79.79991853400091,20.409534553792568,45.48357693038241,0.0
-2.765602729126618,7.5958109833134815,50.78166330662138,0.0
-0.9854246901257182,-2.269440470674,99.11505586287478,0.0
-0.849881008307377,6.930736720611656,62.77713156632603,0.0
-1.0114324041301777,10.942641124742693,95.0234894241236,0.0
1.227069325205081,17.91491793896834,64.21897534478283,0.0
97.83774741586807,8.045610287669483,83.7727212801124,0.0
-2.708776101481848,-1.228562815546986,69.90356540158079,0.0
41.20464510418267,2.472666349959855,60.37894474052543,0.0
-2.530118069843996,12.986281096423546,70.30744858602827,0.0
-1.9510816844906937,10.544530448765915,51.79839558968874,0.0
21.737567538922125,9.166896767846591,57.63681595217278,0.0
-2.1124104543227524,8.499589537984136,81.98911562438239,0.0
4.557693825057396,4.224244257371269,57.94663487049478,0.0
7.483833516227706,14.481281925943591,63.02828068336066,1.0
6.988032197233801,10.199616943741418,101.94389124781573,1.0
-2.830762634909318,15.311918827944105,88.88492486934246,0.0
5.292023019094056,21.688917511088874,56.399504644089326,0.0
-1.4853085194228721,17.04324482004872,75.24337352762834,0.0
8.327890967021606,8.207249085254528,100.0736928489468,0.0
-0.3840659278691689,21.147182477598772,41.01921960646932,0.0
33.79702915340705,9.931704166750396,90.58259021126433,0.0
9.446377431127356,-0.0990241338553006,90.5960212278389,0.0
-1.8288525355785055,6.262904510038249,72.641706602386,0.0
-0.5161610868523474,12.134530909123832,70.69138723391474,0.0
-0.8457660901287857,5.081815330026342,77.46247224106921,0.0
-0.2132633926559921,7.7314624662047695,57.79039933094015,0.0
3.3313231904217533,4.435046895385211,66.80145303231343,0.0
-2.760604703255236,15.51892577891427,83.77560762277217,0.0
25.285938122022316,-0.3355935064633788,55.18973688338347,0.0
13.988564093771622,7.029680332412442,91.64316682113497,0.0
16.602352433754902,8.537735552758456,56.147346175030265,0.0
35.93774811886031,13.845352128594536,70.24206958135005,1.0
2.8534963273960483,0.4861321072747271,78.33380074992644,1.0
0.253683376890235,17.647436033823485,92.34824224489236,0.0
-1.0338125357417942,18.756508153579322,70.84427070523344,0.0
0.24469863493769287,8.862446625464939,82.41733696505376,1.0
1.468589317429891,6.88301855679176,77.70611439287924,0.0
12.758246352948207,2.4768091946955,72.70575940199723,0.0
-1.7654759665773103,10.686159303031086,66.53159290378962,0.0
1.4542923816597693,4.18958696581336,73.83748634337931,0.0
6.202169479337329,5.560350952539364,42.0469463261827,0.0
-0.675380460241882,8.075348818031859,105.68119525526508,0.0
5.500150448031107,16.421401592405367,77.64316159910996,0.0
-1.865307868380269,16.907903555455576,87.74042994135493,0.0
-4.021607949162831,10.845713384910526,81.71276626393323,0.0
-1.030725132635553,-1.4749434598016142,94.99122652573428,0.0
4.592047941463319,14.12973335715596,79.93297053819609,0.0
21.603808725015288,20.090553044517232,51.52725857560959,0.0
25.953789486736312,17.82663210023755,55.78861513883117,0.0
3.183592583321313,15.896139005371767,55.72008147770766,1.0
-1.4205993145056286,5.204658658106754,71.82854861469791,0.0
5.086321140936203,7.311292580640074,93.2894132944818,0.0
3.9583646940861232,-1.057133662651905,79.61426735114945,0.0
3.2774169200736507,11.002224457212925,34.94979862388375,0.0
45.502545276562444,20.71628139265884,63.10802527365197,0.0
4.269887816611622,3.1235475206272407,100.78721373111381,0.0
-5.2476471753935465,6.310392053036148,91.55112987879275,0.0
7.693857398938583,5.616548278351504,48.21688276165999,0.0
1.192383465490476,32.39821255800344,59.52519383705272,0.0
3.687717764066229,2.167042762051464,81.93188227310935,0.0
1.8123354879223277,4.6374033986947865,79.74114091705293,0.0
2.2263325454509855,17.02259700370048,64.09951302556867,0.0
-3.9591294251150853,9.529280576770024,59.06068262254909,0.0
47.65484987298813,-2.9880405064447206,86.99840222784694,1.0
1.4893911181359638,17.74088807101678,50.74692402634821,1.0
13.06158956822713,12.624887455626489,84.7796242700721,0.0
-6.121964364000439,17.105240605255528,58.607252351310244,0.0
11.415339207293531,9.704965558247029,61.27789195975036,0.0
50.81599617879542,11.248837105544956,97.59358129641333,0.0
-3.2095083165312817,5.729152235950864,97.35354538225752,0.0
15.441930815929268,-0.2815330236874598,91.15395557146189,0.0
4.291827375882726,7.4130445748015,73.50182366082036,0.0
103.10287011865017,6.456904967469095,68.70790313810855,0.0
16.97031152005626,0.10100511123271486,95.37343578731625,0.0
27.956285672971248,8.557868920857258,63.28810872722218,1.0
-0.465646364845432,9.58777985132839,40.646952718459104,0.0
1.5175775524186221,21.01348818662073,25.113771857241815,0.0
3.781698987923836,9.107033902993786,53.19563249431105,0.0
-1.611816396587298,6.592575246063298,99.0741757016658,0.0
5.077198275923716,8.81143052092128,80.08434079141901,0.0
-0.9133485155509847,6.586773793191247,86.4945874471984,0.0
0.5808266623991583,0.5737964019184043,66.56907937944162,0.0
1.964606205279635,9.52331417036325,72.6417694556842,0.0
1.8884434601599365,7.239429073420617,86.50786473486758,0.0
-0.7236370557707232,6.541448777239286,51.73475993723999,0.0
-5.22218875195703,3.165468600478773,65.49226816338826,1.0
1.266368001133034,21.324173441759957,43.458927866499096,1.0
2.7997777164883817,4.1821021773182085,48.813044903227144,0.0
-0.1283021277407328,7.944678628896943,80.8045347810771,0.0
0.20569141837668137,16.992635533552907,53.768895350612446,0.0
-0.23815544941004976,9.909192460585167,62.18044013927138,1.0
-2.051661079871667,1.288671199133859,57.723048684982814,0.0
-1.3914752738373795,6.449584384531043,100.3834026326623,0.0
1.3273192926408874,5.24187094714441,94.7622606465247,0.0
4.109171366256088,-2.6907874813585706,104.23639409883384,0.0
1.9627333971482652,2.1326435431762185,57.762634885780685,0.0
3.9499227311138667,5.636337822400494,78.13917996291788,0.0
7.6998347620733965,10.404171650521814,81.07774451595638,0.0
3.3346997773955107,6.164001864400962,52.0867913308423,0.0
-0.7624384660495667,18.43441592205742,64.63079552808465,1.0
-0.7106988313924728,10.227427167366434,92.90211879507379,0.0
-1.088813962690527,-0.33539688558897823,80.30652253002933,0.0
20.94303812808247,6.0464689246253425,75.10700120403617,0.0
4.328279198115074,4.577049390695784,77.46267798562965,0.0
1.3979591867713175,0.5589998648694251,96.70107127358587,0.0
-3.948486457119639,15.57356065170782,62.54160876442595,0.0
1.5992761381128666,-0.8045684826459073,101.94177806366318,0.0
15.06562168535521,4.168373924800683,71.12597563719038,0.0
-5.69005313033718,9.672597107926434,53.8201919927808,0.0
-1.8706838607008203,27.80555690535767,62.66245026297633,0.0
57.569281828235205,-2.4589331006585975,99.18419598292564,1.0
0.21313984205068912,2.7055152353040786,52.09999787197604,0.0
9.832038937589953,7.088082987145618,57.0847860726626,0.0
1.7071702373867712,3.285139674718131,63.148697053951516,0.0
3.7667542433414845,6.119756263406796,86.21268418540063,1.0
76.78944337450618,6.494089916712505,61.77609535946672,0.0
0.4579660755323921,19.105795244955154,45.12117910354222,0.0
-3.333212762282809,1.6575801942262929,82.0257100260328,0.0
19.11444056538306,3.490074223805471,91.42986587752374,0.0
1.7322412532133333,1.7039728334790667,57.687798484446404,0.0
27.20794633058802,16.956229557726996,54.10338563170675,1.0
2.915218787287452,6.397442299507112,74.66941175289419,0.0
-4.44892148099914,19.707610780951633,57.18476665774196,0.0
1.9709574055591237,7.100028516899258,89.37399041484247,1.0
49.78160675473737,17.258238871458012,52.59511107377439,0.0
-7.955320395783232,9.374442241347621,81.62432712378398,1.0
-2.2050939917661734,8.738363620539857,102.08444870181482,0.0
1.893415737965539,2.5062913812199383,49.93883834846908,0.0
62.77866694116842,0.6704443624168048,66.57634259097055,0.0
8.279127146510827,6.260508934519831,66.386126161769,1.0
11.090397902495472,7.220181709855195,51.49978897910411,0.0
51.799282662839474,17.525691525437843,43.622394043856545,0.0
5.028234913006855,16.757226164840144,78.91462877625692,1.0
28.993411465418703,0.9431733950620779,99.82964190379269,1.0
37.64034473460308,5.419152783767927,86.40777633271396,1.0
0.8365340742962204,18.5467982455326,76.61911533695036,0.0
21.19322427288653,4.304748088315383,53.193989683198794,0.0
10.208293259880472,22.829044836611477,67.35173036273952,0.0
-3.852225573108351,-0.4235347545993645,84.28411010480843,1.0
4.5524038512078855,18.620126747088335,37.94423681744713,1.0
-3.778519745414518,5.378846708611544,104.3462195545554,1.0
-1.5937893918706072,7.876810309758709,75.6039685753668,0.0
-2.7601519075330248,7.016161908614219,58.06011543168065,0.0
54.653676963120645,10.90831602622172,68.36366372145147,0.0
-4.481327969635869,15.668647015628254,59.044676646381156,0.0
-0.21499459397796578,11.53978380497674,42.55220230735614,0.0
39.202203438884624,17.435689698899473,40.21959267118437,0.0
9.366230648030257,4.970062741914391,64.98164450886888,0.0
5.971403161090683,14.185571440256805,47.90008153028784,0.0
-0.8860712039495179,25.72489275949581,51.20110627957046,0.0
9.54864994391218,6.575572797006347,62.28825928147551,0.0
0.02498847943945515,1.6216770794350666,88.08911369716449,0.0
2.736679079807429,7.540713920596326,93.41184139700546,1.0
0.07123871728750875,1.5164466517914805,94.00322517304849,0.0
18.490637614390348,21.02500576526726,86.9693527335119,0.0
4.25844856621235,18.989169973344158,74.9240140791336,0.0
10.323632728033363,9.877417742145347,66.52903484423958,0.0
-0.46495907485438037,3.2406557011849624,82.98807367061296,0.0
0.4692343973046901,9.041203354799377,72.92763031993368,0.0
0.8116345754066978,4.852946019688705,64.9256865424672,1.0
7.763417351013784,11.978727681287296,66.49399750021787,0.0
8.336092608625407,12.705517363491058,58.70819496499445,0.0
1.9256147152073273,13.356131723491043,92.01746572595356,1.0
-0.048954708099105626,-2.6890826235481837,97.09305350690781,0.0
9.578126450312109,22.092150340946592,52.723827319412734,0.0
-4.855825535191398,-0.09479495503434643,87.23914529017716,0.0
7.096354412686798,13.264917861867245,76.99646653517377,0.0
6.299171962376306,5.759395235512735,73.65086975920794,0.0
-3.6035392488646414,12.66364507332409,26.24728074408977,0.0
75.45611215736938,7.455060588588078,95.44711462041263,1.0
-2.572011953806643,5.840809300683986,97.571512055179,1.0
-6.833253510775177,15.632594713344357,90.08506225725294,0.0
6.8472655111518845,7.324454428284488,65.2378407401783,0.0
13.545061114046211,4.595560182243727,102.29354682046733,0.0
-1.3696118673179882,15.575417103018685,70.30524565115914,0.0
3.4126240585572414,21.64809321755882,46.092045601016295,0.0
1.6530075664364685,-1.165063634260022,73.17262274951305,0.0
1.2632425596017427,9.203573913619499,76.78678632387552,0.0
8.569563890566446,3.769631621724284,78.42194991886178,0.0
1.6124792836627173,6.841758337867012,90.30810992800193,1.0
-2.873143690606483,4.277575762527835,56.193183730583,0.0
2.437681383526485,6.560090564774969,98.37487445866991,0.0
-2.4107183595920647,8.664135395933064,52.78995060729433,1.0
-0.3917390700640356,5.538187859735647,73.64929680216262,0.0
-0.722992056883591,13.572229160857296,96.67098663051509,0.0
9.988933123536391,13.750142075476106,42.23572613439975,1.0
-4.7499684660699755,9.010794966028659,85.06427288818298,0.0
8.588574131403533,5.273140377787937,40.86501908230484,0.0
1.2073196547254696,1.3039288783414384,68.03406783770731,0.0
4.915968378849273,6.993443974173409,62.45789210719861,1.0
-1.5697057655636242,17.459807485792673,92.40008875785344,1.0
17.680746752792153,11.098830218372273,64.34086349736052,0.0
-1.8024227148951213,14.07192143172075,42.51125278804488,1.0
2.7414914974457885,7.082523019362191,82.3755106708805,0.0
2.942464395774806,8.981103069848022,82.90830592186632,0.0
4.962528564007938,5.90166276628483,84.8986533461582,0.0
-2.438259696997412,12.93303792926665,90.79438325444306,0.0
2.693054641908024,4.008595638764234,75.87038631283153,0.0
11.217344376566098,15.399581360123918,24.623698474828053,0.0
-4.135709546352555,14.610035328546967,45.66876161407978,0.0
4.2654774523993275,8.928892011902523,88.85401320462005,1.0
6.013625399575824,13.112922208382951,54.5765834405705,1.0
8.60879953867659,8.307206714227272,50.93599266189581,0.0
3.029264684833878,12.94742836298118,79.77345153236274,1.0
-6.208082959057763,6.212656480679823,84.14311156271302,0.0
-0.909073295214428,18.584810754172427,54.14259065167369,0.0
-1.3568821986953596,8.483309587137583,69.14438566012053,0.0
54.96839874192598,11.616181742259807,99.16424328462203,0.0
3.6841575118611924,5.994358724208902,67.45018806536335,0.0
22.742059885015717,22.803171886188398,54.84093118891898,0.0
5.184754260619877,-1.405667567914808,104.0782895965553,1.0
-10.668140858879575,6.925785127821605,57.363359067431766,1.0
0.44634191910762666,16.767952263546118,45.692655619947445,1.0
1.9470381966145667,-2.3494624831419473,100.51301381542105,0.0
2.9406003361870274,9.914509732485147,48.40321260396847,1.0
0.7894715575212173,17.58379719870029,54.412282137523846,1.0
-6.331762336385028,5.020239548314976,102.01445269302458,1.0
28.72656773027988,11.77724164529484,71.98894345531869,0.0
-6.927883142653389,15.562364126074378,44.705225123900725,0.0
-3.3087197543290503,1.805954280889492,92.20549617701973,0.0
4.41510090527141,4.671198149129297,72.51717875519488,0.0
-2.37637495850059,12.790724938378018,76.06869932421213,1.0
-5.892032975276929,16.038717861802745,97.58156637464923,0.0
3.6408434032129597,19.817938778556552,83.47874122238657,0.0
21.416625303137614,9.35846352021434,91.80101899921216,0.0
38.64419037076262,12.59395769982562,82.49532534891088,1.0
13.65255800777232,8.674063734272282,78.30092973271871,1.0
4.681732097270184,15.641971099742928,74.01389090466365,0.0
2.936478247560699,14.052203231637518,46.35328972490486,1.0
3.216570311458785,9.105438458379574,74.34402527424565,0.0
1.3956599314646234,8.290556718781163,62.71633185102399,0.0
-1.3628590951109114,9.800104621730853,49.05156979236929,0.0
38.234524447424235,0.03511090025026267,53.05006273420027,1.0
21.62555945583191,3.661181236421239,74.62576555469963,1.0
-1.2335959523613402,5.805552704899494,84.2165277556929,1.0
3.09977040997877,8.273438781397829,44.06423076797467,0.0
1.7144116410662436,-1.007395010107035,79.76551029323487,0.0
0.08307938123164275,18.933486998283918,46.612720733183146,0.0
8.832203941589842,0.6386586622672863,92.30838225684273,0.0
1.9882672276636852,6.008365692148203,50.50242653201348,0.0
-1.670956369734785,11.704898104582265,94.41880168133325,0.0
63.35781975094926,4.796391729599338,80.64099513871966,1.0
3.0191909666519856,7.116306937326363,90.68410378593912,0.0
0.29729312042769795,11.341410057222669,45.06816257347273,0.0
-0.5341261961239868,10.160056836675913,39.079905469137024,0.0
5.16971032661638,-0.44911266909603526,89.2615792440979,0.0
2.7973292818014293,18.387211789035504,91.46942552396332,0.0
6.591425416703313,7.551206617704344,54.537578241699315,0.0
-2.1208741365736503,17.44731975934804,66.89831282499645,0.0
6.248875920368083,10.890674039432321,95.45259500116777,1.0
3.3930171328618424,12.713247324400495,62.87867103535955,0.0
4.317014832512575,5.9584524051050485,64.71445557319385,0.0
-0.9137600698796515,-0.08636133026986763,84.22430517232961,0.0
-3.6289114086134733,10.376337087236717,73.65887327665861,0.0
0.05806230237613158,0.8829443897610687,98.18262413762257,0.0
0.28199036871880867,5.446770741222025,97.7749674015952,0.0
17.55734831589651,-0.7896009104113734,84.59492647552113,0.0
-3.2587608959757888,4.197914342772375,78.86296582184552,0.0
-0.7221962905371827,7.592973733521155,54.8833822055211,0.0
0.055166542962907114,16.6906192457244,60.07269244421508,0.0
-5.26047267424267,0.39949353648326635,48.51617153838271,0.0
2.2424728297331686,-3.1410407577749337,94.11698137126888,0.0
6.608656073192821,6.311657027065364,48.19828678712013,0.0
-4.135815951779422,15.493432041339226,91.39284438334452,0.0
-1.9485245147301107,3.5469519799088425,104.19105978939544,0.0
0.34185020699752805,5.459112790729799,63.69082534774212,1.0
8.809685460900209,0.1738754330834347,50.02153633500782,0.0
-4.917875339723473,-0.7585919571652998,60.89956331097904,0.0
-0.2893496632855228,6.861594460880216,48.85402793325026,0.0
0.9094488601005749,0.19956493840349046,71.09111135760816,0.0
-3.288546585779274,4.7906907724092935,61.045716630490844,0.0
-3.4619962115087466,5.041503357260963,42.51185133806722,0.0
3.022514479297099,8.917615964832986,97.72924642025683,0.0
0.7128557218358399,25.10419241978095,49.44614750908214,0.0
38.500875070926504,-0.4118762960860557,93.36167141005981,0.0
22.44641778183595,16.497097528872015,52.01881092859144,0.0
5.145993340297449,6.662658454940285,88.77037379672319,0.0
2.128719974343853,11.232837288317187,79.82535329671624,0.0
3.747867579144092,1.0998992623064703,75.26528437837881,0.0
3.584768969876368,9.561668245150212,98.40572532177357,0.0
-5.603914537145939,1.648339542267832,91.06249185615589,0.0
10.298096991922547,5.89118861445637,61.23456745296791,0.0
2.0330392747611077,28.027334752541446,87.64213728664467,0.0
15.713100467244548,7.992301197069665,77.4234818882377,0.0
-4.246799327561921,6.832154880030721,87.80522571144012,0.0
-4.8974834526521045,17.588067210574216,76.0304859824019,0.0
-7.974972018892065,15.216895161430102,84.24553693849059,0.0
0.17873047070609427,8.348528253226572,98.48277746813731,0.0
0.8590905416262653,6.198080601664176,72.40707133709279,1.0
3.40935034416936,1.285311980297816,102.73490829022198,0.0
-10.867643611297463,7.944215072206617,83.25392707740592,0.0
-1.8004264818429903,-0.07423555731564233,92.09797367313219,0.0
-0.26553205827579707,5.027839586672432,66.05700717727034,0.0
42.74279436688323,18.20681050759682,98.79118037119801,0.0
4.337821325334567,6.134322746999834,56.251389040766874,0.0
1.7190775868010295,6.16948709868563,93.6907060104937,0.0
0.7285163156888547,7.222280432819676,66.84356164227012,0.0
-7.445291919797326,8.943132816860661,83.043281069418,0.0
1.3614153758299283,10.295364719862652,87.29463177850292,0.0
-0.43327151973052513,13.876013098277259,58.66507793173458,0.0
7.961626375228761,8.66742775037583,97.93063300697125,1.0
5.755714156326445,2.52974615149126,84.97474926383508,0.0
37.68442618731464,15.66026036331817,63.65767536633759,0.0
-6.97471496671798,18.20929984916729,74.09797409147129,0.0
30.54369554780274,8.613405584388872,64.14964450939928,0.0
38.91013536793626,6.104482777014221,90.56618287159154,0.0
10.450155156368137,16.00811651178942,59.925263157632735,0.0
2.0408333499408906,21.374911874448735,101.50297001277285,0.0
54.42685110016871,7.681150802100246,67.05185143347686,0.0
-1.0088331437092064,23.882742506524004,93.52210860447826,0.0
16.043293459565106,7.601600658624123,82.37931841778946,0.0
82.73599848829832,14.427461576578859,43.2086044566435,1.0
-5.556597209891772,4.247606392171856,46.28789510978816,0.0
-0.34591930207626637,1.591775796329888,72.89601083840915,0.0
12.579738511091914,19.848767906412256,92.65641178144504,0.0
-3.7206812199524864,11.74992933484668,80.9094891752149,0.0
5.249789503860663,-1.505399693660604,84.52941041436128,0.0
-7.530285107803646,7.827884851685807,96.87819751383205,1.0
-0.5710549299869597,3.2139512149499625,90.28606421904537,1.0
1.1219586905082184,10.875681539659727,93.01418464828456,0.0
2.78012310219158,5.663107998999409,47.6012971387737,0.0
7.6194754269388385,7.2397472620810195,82.59284708821794,0.0
-3.801427172671967,-0.47573173671232066,66.54481074844476,0.0
3.4524727419246197,14.353794055818266,93.50329484843049,0.0
-3.0265366456321843,15.399300293693015,54.57496408790355,0.0
-4.499548233570522,11.874548501338626,60.35615214578998,0.0
42.88298338343894,11.049131401106653,56.8785568167741,0.0
-5.189610628909071,13.664598179576252,99.19040909512682,0.0
-4.5175531305204775,4.89634446580439,87.63697734641208,0.0
-1.640622665699389,13.00157297697629,52.61043622249271,0.0
8.451112347254762,13.200977364882508,89.54388768239357,0.0
0.23329302678038832,1.1422097509419011,98.20804146699409,0.0
3.4592490583770594,7.062432836424271,69.68666508734341,0.0
-1.079196689236888,7.588749452258115,80.10813859995278,0.0
0.42033418479535456,7.353731812984996,85.08957410881621,1.0
-2.7430248755234032,7.271462804954368,47.72002280832256,0.0
-7.23788930744631,16.74108847992502,60.5851149177278,0.0
5.329514945391619,2.8274275771527955,93.84375680661269,1.0
10.392057311094977,0.8898850642045003,92.02158354585868,0.0
-3.496374496423248,17.18592968984962,52.190341606415195,0.0
3.698432517463428,15.01944612344985,55.531171413316656,0.0
9.890911340566419,4.904589283685877,71.37896444629254,0.0
2.019817114637898,6.9828772124604885,62.15536549196006,0.0
19.304143863520682,5.203240032395589,68.70664428390882,0.0
4.221020731717769,20.473159180968633,53.1164246314096,0.0
169.91971509467123,19.55136789402866,47.16622378113671,0.0
-0.48043904359683265,29.31759435853824,82.62304755387558,0.0
3.316036910628526,14.338022923651984,54.46402344584336,0.0
1.3046349020056716,14.042788159148927,43.607405168979575,0.0
1.2041844196176035,11.965644936779993,69.84126282635381,0.0
-0.9652398661430392,8.574506689439142,48.144946565601785,0.0
7.324242947280654,0.295697845555578,70.80544653419214,1.0
2.453026824064249,14.301497872522003,69.27322591421469,0.0
16.387648654082728,5.876467136658311,75.701094719459,0.0
5.6993786336985375,21.99220451000769,50.337933778777426,0.0
-2.642828257125942,8.325665511374957,54.21718520031493,0.0
6.967063808560191,22.761897585145782,55.228817252272805,0.0
52.00797794310205,-0.6181359397567883,81.90167887013797,0.0
24.331622912336606,16.700207789981846,90.62667540984357,0.0
1.2442787462453666,5.013532354525024,70.01962778180045,0.0
0.6415665379537414,15.959038498754694,87.8543617555342,1.0
2.027758022042968,-0.4166862602541086,103.39389792720748,0.0
-0.3583984221274161,17.259213662153996,53.39509323183948,0.0
2.919975555550346,3.434310791282556,84.42209957363501,0.0
1.5181999817379217,20.605990011022087,71.2250566693276,0.0
1.083938040505416,14.80836131494819,69.6250475588262,0.0
4.120127423360619,-0.19444466241789748,66.90459841818412,0.0
23.463869131498075,2.628894164675283,81.53993020830643,1.0
3.1659621135930323,6.418471590538784,97.2113163704222,0.0
10.127043240977049,8.562538207560378,79.75743962179757,1.0
0.9475310523287744,2.0734827219582646,99.70104496069177,0.0
2.222015821964414,2.6562116835381584,93.55094848123261,0.0
-3.140234732368797,8.619078708107494,74.60589467518683,1.0
-4.884495719805726,0.32659267680269566,91.10339892104916,1.0
10.295503023727582,5.682505827960251,98.53306958821435,0.0
12.073878641217792,11.824133232327647,56.108200391270785,0.0
5.165253187257245,9.547081065780176,85.51752405002625,1.0
0.07677590222914664,6.697521347274378,67.14248139770793,0.0
0.25400710594834863,18.262619167674067,63.134981011835634,0.0
-3.1264123702676065,13.626434728983877,58.54560905235862,0.0
9.356613851668754,4.002159043420966,100.37691860745228,0.0
1.5790174992504074,2.0443080174051307,99.09180272361431,0.0
91.91005593356961,4.313607801620758,58.988523485516495,0.0
-3.030785643296797,9.627557566422153,69.91534653931267,0.0
2.745049845983207,6.104466849555919,103.43730486262092,0.0
-5.134245871394358,14.49384176744546,84.70687408759704,0.0
1.5609856650569471,13.859960608872827,86.93554840287005,0.0
2.8439014958670468,1.5819085146057537,76.12889531122171,0.0
2.707154228463843,19.664831680268303,101.86943009019464,0.0
1.3856900041582292,0.8037984549725988,91.16032600889585,0.0
5.711143423001369,7.038696904909705,70.43342523753158,0.0
0.42875103986002167,4.442338080836512,98.9493875554835,0.0
0.7820878312541174,11.93388215545498,83.09309752089443,0.0
2.9933310761493708,7.618879792341126,76.49032121811602,0.0
-1.1666155916289547,8.493973337687887,76.9234722846019,0.0
-0.9757955446840709,11.501550496016485,78.66463464332669,1.0
6.967584591450167,6.547251245516888,93.16481021011668,0.0
18.776397135628642,7.380896727535854,89.35375392856122,0.0
2.754174659274834,-0.04038598249473251,58.710957277454185,0.0
0.06119559459996371,6.833790596034806,78.96821895407454,0.0
17.493594260654987,16.695088612750496,71.98531920570841,0.0
15.908071561993014,11.614674024585879,83.0565303091969,0.0
2.2990934147638855,20.881489129528873,61.44706853026393,0.0
36.6647830569884,8.651674432397298,50.72504827966823,0.0
1.2516467840053307,11.751752709580444,73.59577048345902,0.0
3.7894373982426455,6.194282096735997,100.01634136925398,1.0
3.9929405169850947,21.091258473007525,87.7215257039715,1.0
2.485797821519222,3.411768570081438,96.67426620898598,1.0
-2.053400388075368,-1.7780757011573387,78.02071933282593,0.0
2.938413992346207,6.452532268963154,83.8412986678687,0.0
5.7513054855656724,10.36370480965192,62.958709232717375,1.0
32.155425432167306,-2.0136470133918603,66.74978939182523,0.0
51.4083987091943,0.6061842018609748,84.54810875434795,0.0
0.7341555410738341,1.1408869823743757,79.66296444864172,0.0
15.448797835162605,-1.236655822995703,80.89397660549847,0.0
39.92224617412374,3.4097304233319266,53.077616720026754,0.0
0.14271097570511693,4.184256556131961,98.88572267593699,0.0
6.542144587258328,2.8697595491931267,49.14666006329917,1.0
-2.9573636125815392,-0.7034539696337176,78.90241242629841,0.0
3.4806360558209537,19.0189080943071,52.52632701511583,0.0
40.04745649531806,7.357003139852936,72.1190276915937,1.0
8.34866618928801,6.773820823194736,52.12900720132745,0.0
13.183155530186987,9.091699273240131,72.7610291720147,0.0
28.811922651052864,2.4822246081973316,79.32687313833341,0.0
-3.541702044129228,-0.713642653249689,86.36561503106743,0.0
-1.0886815893044033,7.654994525507244,102.10621610051231,0.0
0.5182639468504866,0.51699745013828,95.88897900797623,0.0
-3.969216480162074,1.9823266633259091,81.65019166710526,0.0
1.375298954500535,-2.3406802121186114,86.97996892940228,0.0
0.5160121030486956,7.017673590659891,98.01038333053718,0.0
-1.362570030713878,17.321444507973837,62.222026365134404,0.0
18.662888563270982,1.4901256398734601,73.0983388408239,0.0
-1.2685138144615766,7.463957302001686,48.69838342545229,0.0
-1.9072137241666427,4.217849060646239,86.70729815971056,0.0
1.3107428661998481,8.369046639315105,96.94411946203105,0.0
-0.902549131242249,23.90019923596813,49.137245110875654,0.0
0.2000237420479698,30.63043372420548,56.82028372063305,0.0
0.697101738026236,4.798167404297965,78.88682717870299,0.0
0.5264940054741534,-1.0561305249562656,58.01207444366352,0.0
6.725954934095894,27.183758447737116,38.35476259010526,1.0
-1.9292284974283105,11.798575302419412,63.30178064708772,0.0
-0.04366789135580269,10.297861178954177,100.10848973257592,0.0
-3.8007488326764025,18.283907978146534,54.12195135046286,1.0
13.726656679301245,14.366737886905797,58.90076635544303,0.0
3.668123189883357,12.216355747761208,80.2384587600231,0.0
9.707776855984946,2.658974213994849,87.38298049824523,0.0
0.20092822427931872,10.967323934335145,69.44181585914914,1.0
1.2088301023783854,15.607980756251028,58.55592742778662,0.0
-3.1294336618633163,23.48297440847563,87.91501628656802,0.0
-5.534594809442985,10.308018094285721,63.99596492804845,0.0
-1.5092618114744498,18.53634576526716,59.235610715801386,0.0
-0.724602566181281,7.12531904971164,46.35159572533779,1.0
3.4978686885325354,3.9811024651564657,51.70541786364207,0.0
1.179917958236374,5.583247814653173,82.48753875257262,0.0
-0.4993707763062638,0.8088804270599329,69.54399585573186,0.0
2.2587921955151016,4.932068074349283,73.98765834946157,0.0
-1.418089246268916,1.4127664421107777,55.32702252236535,1.0
-0.2710131915585489,3.098158405059932,81.50377549558702,0.0
4.275084172914452,-1.2593512542123397,94.30905925066084,0.0
51.47196219866136,2.3496730352819486,48.163966135196546,0.0
0.17275590341605707,8.869049866382461,63.54535694429861,0.0
9.334554020319873,1.7893853662228243,53.25286675315252,0.0
-0.12127486401417623,8.127524645096775,86.2662521989411,0.0
1.7735537245804447,25.836625192353825,62.2420223248863,0.0
24.71245316669226,6.697905538693862,75.15982294987329,0.0
23.98871861697292,8.28843957662688,62.442022226942974,0.0
2.1704561958539985,24.289055947914896,57.81265240860898,0.0
9.635269067091015,5.956324903212733,70.1013290137462,0.0
-1.043721212424145,34.89343424732998,51.17256948247382,0.0
3.993177900120844,5.3798496367712145,71.71401908916815,0.0
-2.207391925571462,1.5067562728549138,94.66567666684135,0.0
-0.9543984647275723,7.529351881218058,66.6366425948195,0.0
1.450247441381192,9.120026190813364,62.67729857904849,0.0
0.2277753387655413,3.4512233652617543,59.37999566870801,1.0
-1.5181469092185083,9.568009630970128,40.83334639778777,0.0
-0.4696207432546601,21.35025386439139,66.08134409832552,0.0
25.669275058929433,1.179756484334883,96.16379246169657,0.0
7.812052301274363,12.732524789706007,77.079512308568,0.0
0.8071249068650012,5.207901792990779,61.17835419604378,0.0
0.5018596510758918,-0.36382164330382566,78.18325408367608,0.0
34.96173008808036,2.0601842623228848,65.14057365187067,0.0
3.368621803035848,0.10976567778815277,102.27542775531629,0.0
0.8481122702569884,17.679863524336618,66.9508309458293,0.0
40.955503992521464,0.39642890956827936,81.83722573589905,0.0
-1.017367983882518,4.495332518165103,57.18805268736678,0.0
-0.31215225601814545,6.5227898065869345,58.49353205553722,0.0
3.912681420186578,9.337248413384032,64.39830578279245,0.0
2.949426648804875,7.066478926539359,96.9891676976941,0.0
4.383170278948518,6.446494005263375,75.26412065255566,0.0
1.1173528081171265,3.134227016378423,70.19486304989391,0.0
-2.614571643832819,8.026065085346874,84.55566798041095,0.0
2.7109975510573534,9.951921560081722,57.88669950468766,0.0
2.9283869858477263,4.838242498802346,91.98616770221115,0.0
-1.1087200264218608,16.529028401535328,61.877987162221196,1.0
6.155927368286757,1.0057705118215219,82.86866460543321,1.0
11.91261639310915,8.892191033078806,100.96215367310569,0.0
3.1138288349748224,17.716341988583174,63.01007974937041,0.0
-2.3649670130077665,21.689886111281393,44.62140331198336,0.0
2.898846665990072,1.5820797978635344,49.86687167296025,0.0
10.58656911400412,4.858471425201303,92.53313248293482,0.0
1.4223318922449903,-2.1789015257233606,101.39557766816436,0.0
5.012744804286761,2.411336587640029,84.87742366431137,1.0
-2.2809271022832265,19.221618954299977,40.92166382557616,1.0
11.410165973439884,18.892468867576774,68.42760051272785,0.0
3.76537264016264,13.345725951085909,74.72362603561079,1.0
12.521766725774965,6.085979214709343,71.99989829460682,1.0
-4.449632176993913,6.8768340590093056,78.91462410414968,0.0
3.6274894572761798,9.476042527814943,90.7035581376401,0.0
2.6698790289194827,10.376997224684889,70.52168442836633,0.0
22.5241744136687,6.987463058672014,51.34699943198024,0.0
9.616152812875992,20.29989216041985,38.40208800384367,1.0
-0.5021502935223341,24.726167111948044,46.074886727625376,1.0
48.449607269347865,9.311748920547348,93.76293375107683,1.0
-4.535616098929118,10.582142977423011,66.90340353549183,0.0
1.9699156852850686,7.011042439393905,78.23107990406409,0.0
17.385621060354925,7.469980483046644,76.24600652438238,0.0
7.332284846282167,8.162083529000208,71.57525912638764,0.0
-1.5159047343819358,0.9324818804724251,58.42400048118203,0.0
5.702376070414605,-2.962168058616477,100.15116302781402,0.0
5.769019408766081,0.4888117504067297,102.14552935471256,0.0
-5.876501961215721,-1.7031906071472023,62.569374372358006,0.0
11.72089735252497,5.043952903704678,102.98511482431098,0.0
4.564871271188229,2.0794192278374255,79.170024436423,0.0
-5.578245609883135,7.1993230999916555,103.99727842335132,0.0
-1.4451566015703594,12.515526886835923,63.16224646403433,0.0
-1.0597314688525086,15.609763080513993,86.58397848549637,0.0
1.69407109512871,17.003935287811984,56.53611242700509,1.0
3.655777587618013,-0.4909986467199873,87.38443176502038,1.0
11.055846453546748,4.637887412264313,103.68594887624151,0.0
7.809480833281632,16.343072801570443,37.736219230830095,0.0
-0.8270235344794556,3.0919055371581585,79.65500836200445,0.0
-1.4122658207710685,16.02362902386701,88.373792608777,0.0
-1.4332547301305174,3.8534623754890447,58.222687819674626,0.0
23.08939789377617,9.281520167563343,51.413292265764184,0.0
-0.1085505493685742,16.637910859518783,79.71442022571951,0.0
-4.072894840892419,3.813217600708018,67.22509977123327,1.0
-1.974437179644111,7.6014290336098425,48.39669759545016,1.0
-1.3682441682425197,1.7461216148464995,97.87289099856945,0.0
-1.1019746888833808,1.7375201510136473,70.10385841011689,0.0
-2.8140225990221923,18.755525274630287,58.79104791182893,0.0
-3.2000632172523167,10.890072457862596,98.97738092987875,0.0
25.504084618226454,15.662971007541593,83.66555319623002,0.0
28.402738708601166,27.11771200275008,57.80503435178858,0.0
0.16849358199363634,-0.2732639557093019,95.1998253925781,0.0
0.5640736415726131,1.6432626578554534,100.81278921902036,1.0
-2.5145518628745154,13.813962354867554,42.855570164343966,1.0
2.7100065450016384,11.320994709573126,65.45760716710681,0.0
8.939491859339704,6.676403034023175,86.0768603910208,0.0
-2.0761443248455134,27.276631146025796,36.74283322854477,1.0
12.364516725202197,9.733701658927837,83.68663399228028,0.0
-0.5859678809945781,10.111746080176008,45.77565997638127,0.0
3.424383064163026,9.3222997997457,105.4228318040317,0.0
-1.297324052715075,2.9666314431956513,78.78591144730134,1.0
1.591951200847398,4.593211977736651,74.6106457279305,0.0
-1.5939647589531052,6.210655772746086,101.4024523183826,0.0
0.2436952561309699,5.518807903753693,54.947419490317714,0.0
63.14842961182483,2.2880723380436985,40.679010486674315,0.0
125.93221816181673,8.060364949917282,66.06942545059192,0.0
-3.1933558280875984,2.5964655830585626,66.48929613032534,0.0
0.7024718370322479,4.9200123419586514,66.77548023374216,0.0
2.785667362417298,5.37937190830663,77.8692653845375,0.0
15.842767941333571,-0.09611215245006295,91.54021512688837,0.0
0.35583736253439663,7.250616215676633,75.80703558379145,0.0
5.031948608779315,18.65190953338845,53.39448604362469,1.0
15.886964981029706,5.9657860928418405,66.03854645177866,1.0
-0.22858444683273144,7.861074454305383,63.457200816184745,1.0
30.756498524320374,11.088568887146499,74.26352488684319,1.0
5.098542400466399,7.97099164113512,94.95763897172554,0.0
2.2169002721950735,15.432154938988527,53.75649697785893,0.0
13.92115822136117,17.678687337579703,92.82481273757259,0.0
1.6640437896160072,9.510891200709981,71.02837797671371,0.0
43.35926802020467,15.513735187764322,76.18014027330925,1.0
7.063267326855023,15.931886296429042,54.69827653187557,0.0
-4.476193252368489,15.344059136389518,41.094493348625704,0.0
0.7035219649611097,-0.29678287976782824,98.51022767362683,0.0
6.894156651221538,9.97669867755824,85.60886343521044,0.0
-2.085960520216406,2.2608681448009427,16.73893134491187,0.0
-1.4139115267010045,4.889126170820063,61.395361085050254,0.0
5.265262537662844,9.951082095615334,53.47362061125572,0.0
1.71015833433991,8.434103552306578,54.758683067645805,0.0
7.054203013903982,4.989647762733344,86.29905549138722,0.0
-3.802960219433929,7.310686323050349,63.84652479043243,0.0
-0.7159586229218426,16.511525469583756,76.7849969940971,0.0
3.778455697104314,7.223112867928812,73.78795821270901,0.0
1.9409661145889143,2.4084671563557425,67.6009044183381,0.0
-3.1468206640698466,2.2927111114219976,90.66337689323097,0.0
-6.117648191265392,12.908499162643077,46.05626115620301,0.0
6.59308201027249,22.51841058560205,46.60846984808951,1.0
1.8041546382063705,8.840803412326387,99.7904137273831,1.0
-4.166511841994628,20.934685604169665,56.30840710956729,1.0
-5.253896949524589,13.891657170366981,83.06311518181752,1.0
-3.6699506978053105,2.272508225228962,101.33805677683756,0.0
1.8307453772783278,10.07347652194656,81.0386994616892,1.0
-1.0420075002028046,18.600649827633376,98.2581098714916,1.0
0.7860082729669245,3.746647072493641,70.74935638957979,0.0
-3.705937137680133,12.582341984831993,93.13474834553388,0.0
-3.099294104453528,8.254300307549475,53.378147172625255,0.0
1.7421925118872652,-1.9277847222559121,105.10753255898973,0.0
-1.4631547158509977,7.1824676109086845,85.08479014156325,0.0
3.475631744940381,-1.0271610018807937,100.45750331656896,1.0
-4.390300752838225,10.832799072782885,92.26568831251026,1.0
23.920606477137603,5.76567404769531,84.12909367870834,0.0
5.818630335992793,4.81181775593833,83.47520763508273,1.0
4.347970761266003,4.083391610954925,75.97602096842827,1.0
45.80595429321137,2.7297126369061377,88.04291870716683,0.0
4.870463882442103,7.811135629834313,86.69225984638088,0.0
-3.296834961320065,7.366413627285303,93.53238526911348,0.0
2.7450136923864075,13.363100924214177,78.79046200204269,0.0
1.9248443360914724,18.484128406142684,56.11746126874238,0.0
28.122390541941897,2.394791411369454,86.90080114697852,1.0
5.352211712962382,7.341914672572066,99.95945775842893,1.0
26.28968124183878,-1.594615174828454,97.215506838921,1.0
-1.9431973874870985,-0.5766786316233826,86.30545681453802,1.0
-1.8483693890364168,0.23645261473710447,50.696754043021,1.0
45.41355008438676,6.226689756388719,68.46722326551337,1.0
27.14983200842032,5.0895974365591705,69.56191916117193,1.0
27.519537987574548,15.029428891545352,49.22365479900737,0.0
4.039123678495194,-0.6265480448874492,47.51020292319936,0.0
11.680016812610202,10.288718601685185,74.41689385586193,0.0
9.67465631836338,4.678180542838349,86.07635843854379,1.0
-1.3562567352889054,3.26282257881283,49.34333259954193,0.0
-2.02238128910174,6.0127152554287955,96.26496305723607,1.0
-1.6736125759796183,9.835645012543504,79.08554343998776,0.0
14.282912674727903,5.50937600944203,89.98422887852016,0.0
4.090252545229194,22.805890230121257,79.15460001736936,0.0
-0.5556816434896557,-0.5503291123822527,78.7306546391024,0.0
-1.9436001291669012,8.150084030642736,59.155728588248564,0.0
-8.64725569309408,7.393218179195367,56.188329406573885,0.0
0.061054698237204594,14.383058135122818,75.5250329819965,0.0
-7.003880665938999,6.77179643313267,80.58807393013623,0.0
1.7375716376295123,7.898480751078546,74.41165255510609,1.0
-5.5255891069357945,6.635650574176662,79.16652789884313,0.0
3.2281171537661217,1.3668858595346927,80.22224867675156,0.0
1.8458611922911032,-0.5505412752961165,93.16269589683078,1.0
4.49115399537222,3.693649871696168,88.61643894176974,1.0
4.305443563888141,20.98095953285583,73.59697563301019,1.0
6.250494811133208,5.048423883556897,85.39919516334464,0.0
4.0722219289176245,9.474399361169324,70.16469547439698,0.0
-5.309410690054841,8.909432468908925,102.32366215456886,0.0
-0.6603906621539234,6.443248721483275,74.21999011811026,0.0
-3.805920972612759,4.263853156810267,47.13293247667458,0.0
57.45385993333247,17.5477945246473,75.96700448743756,0.0
-0.11238014818684494,7.106405744918802,90.45686358995998,1.0
0.7865242934280685,17.48261007247452,37.71647937287424,1.0
2.771129616101269,8.178533168506348,97.32289272616437,0.0
0.7311179873906413,4.076967324300865,59.7262239668298,0.0
2.161707391393098,5.451638266431292,50.45650575670931,1.0
-0.4930999047683301,23.072379990381723,56.46292872184234,0.0
-3.493086488041377,12.067220970062172,84.31557275669128,0.0
8.445169883930468,8.383395567045994,53.32929054964235,0.0
-2.606779799983986,7.6051865922984545,60.77611810775925,0.0
-3.0826912112935108,-1.5411099933243246,91.3124606035045,0.0
-0.3073690579784927,20.786436821271437,87.53990907589376,0.0
0.3202843863369591,3.6095736779484633,78.32642253525523,0.0
-1.1757613036607424,2.7877802293141363,82.99459122872541,0.0
10.127292927701264,29.060384704651348,58.02424046955573,0.0
0.7867851930447872,12.653669815979804,64.69559582628911,0.0
4.8833134566232825,12.957574965540335,85.38105822343624,0.0
0.2800485581987901,6.912689864435934,48.21818901260238,0.0
2.637586537345233,21.368901865007572,76.31352601337372,0.0
18.658107074487848,6.371079608556256,55.98424351298873,0.0
-2.157579296487529,6.763959737930206,94.2120996201533,0.0
1.6819213310162857,-1.474850593329481,100.21241250281386,0.0
-3.324560209626371,9.071162243037826,94.87473189819923,0.0
11.860808938052385,3.1831352936937343,78.84094362799375,0.0
3.053642407448705,-0.0073034416134938485,59.62262976850399,0.0
0.8417053375482233,12.092093821701102,24.474301480065336,0.0
-4.358491092493049,-0.8837914475514597,86.01545775050177,0.0
21.97144028708909,10.837446181610263,77.18042583429302,0.0
-1.9418445301257297,18.88759941628768,85.57264611841912,0.0
40.10702615259892,5.30988837648315,100.05582518214234,0.0
13.829797596387047,-0.16541037955710441,62.72181087833677,0.0
13.097454301352062,23.645427414604892,47.73567265174692,0.0
-0.9115355587104703,8.364308769445188,56.61901567406803,0.0
6.248252873552084,18.72739124493321,44.31998974600827,0.0
10.633423001385356,8.514298660471477,98.38313819350688,0.0
8.59592882492301,-1.3795275098560673,72.61216515789972,0.0
4.74760021203275,8.85379325557372,62.21101145074249,0.0
1.0844777111018635,5.372849422037238,81.97468918049893,0.0
4.009192131941806,18.69938457707388,61.05212362731103,0.0
5.549024546288055,-1.347607783870754,76.28282131641552,0.0
-0.9488036467492323,-0.35234437353780623,91.48438424836549,1.0
-1.734907832014298,5.0433634101201665,93.43092458240852,0.0
19.257738722751824,9.741276918262532,47.89585904978712,0.0
4.881366822666905,0.06917304076154727,96.35433991981652,0.0
29.024757507905427,8.5107208246955,86.83318829247439,0.0
22.42893519996564,24.864869387018626,57.976361783121945,0.0
-0.39219289163850757,9.92710743791155,87.70779925390597,0.0
4.884285460057261,2.203031682877707,69.607287108117,0.0
21.76406064733394,4.069057592202027,76.56864677422182,0.0
2.482551405212914,8.027787012512778,52.34826350747695,1.0
12.890172615130432,10.808163959092454,69.9593450065477,0.0
68.44119581147389,6.3196834841935985,101.9139593145765,0.0
-4.160691901857749,6.37327071719146,99.28100136540819,0.0
29.608618881223244,5.9257726213738176,53.67390851561674,0.0
8.52354572213331,-1.264976263263504,50.77717370794114,0.0
0.016810092340426158,4.470618563588647,106.17127220859284,0.0
2.73941718259737,13.666140382662428,77.92901515962062,0.0
5.514454851806453,20.044426842758206,56.583752000223996,0.0
4.213333464312438,12.56881599392855,72.69419418383382,0.0
4.51730886704658,6.800948467372505,63.20348090762571,1.0
2.4353570944047696,7.276064127159446,83.03004504248835,1.0
0.08323318470512914,13.145519624994131,80.80223802870849,1.0
0.2270831285622948,0.1732946842310947,69.34857948825736,0.0
-4.393329881497487,17.87830187156158,77.38245198969952,0.0
0.30744900826429394,10.084015450398123,86.86523036673499,1.0
-0.9444275505257829,8.393074431498501,93.26998666551596,1.0
-2.8083350618935956,3.55406479853237,96.85839389512294,1.0
9.073784504452885,14.920102549484,89.50216597556854,0.0
77.51817047503152,3.9091766105716252,75.62581267482952,0.0
23.907176564946006,13.76205654875325,73.14844962215068,0.0
4.109484911218486,24.426720398596665,59.03304431198556,0.0
0.7831599433026815,-1.7021107514805245,79.82664941510122,1.0
6.0442241057428605,9.463814884732354,71.49361884518768,1.0
38.73761007062195,5.630043903398383,97.25298594901685,0.0
-0.40573256351488474,2.7617443793669576,50.35738668620023,0.0
33.07023336202026,13.804625846267198,50.464149349790205,0.0
1.7838236648673256,7.725084252861152,75.30661645044434,0.0
-0.8976168599483478,8.327106322548877,36.04567573298904,0.0
2.719345828002593,9.870578822304347,83.81412568775642,0.0
1.7640094097535186,5.618543215679135,46.66117426833735,0.0
3.4059453904665897,4.778020685286489,92.22928849716156,0.0
34.35522759679481,-1.696179497703772,82.7080147942466,0.0
7.12169299960883,14.604188999258602,50.65559829843263,0.0
0.24153620577572507,1.2956474049468496,83.28559229722634,0.0
-0.4290934896051603,9.592766752331274,99.88163296606736,0.0
1.5212963927916627,11.43128687138204,92.52552113141996,0.0
6.863668445821931,6.3434469063406285,59.018787067311706,0.0
5.168016860940019,8.36390623256139,89.26932099818481,0.0
-0.9226659875597899,4.452988747050842,97.42587615108111,0.0
10.935709318886678,6.437508253726186,82.23509909049073,0.0
-1.066236839625916,-0.8638453542946597,78.03376259684497,0.0
-2.639291448280951,28.069766657307703,36.660028589885194,0.0
6.804472532874386,3.8256871294134496,88.14088642175393,0.0
-5.905446090594793,5.641143998153408,73.1403614463888,0.0
2.3417713068265824,31.20475755313196,69.87409045867808,0.0
-2.6032955830391638,19.740311567979653,55.23444762445359,0.0
8.564812519663107,4.083384369742147,79.7252824300281,0.0
1.083969726701572,7.396080948936699,73.31882401816274,0.0
240.71804855509697,-2.2552603554000616,54.121646028052716,1.0
13.86950864288595,20.34777035082532,71.57662733060548,0.0
-6.365498363393154,5.332973186178075,48.59140615218515,0.0
4.575536135461938,1.1242529430349064,78.99024116024142,0.0
4.579919110995052,-2.176573226274973,92.39590678741239,0.0
-2.5178507449359433,2.986788888731351,71.66173666098057,0.0
39.876051523765895,19.45800283477665,66.44258761209407,0.0
3.1533563280864527,7.4928683367163105,96.08330467029951,0.0
-4.403521704609436,16.844902576158972,40.18827642781983,0.0
-2.1981303632754106,-0.04401999991991589,63.32830385602832,0.0
47.593906985137025,19.01406777937897,62.699114260232626,0.0
6.086885175715367,-0.720185068122718,89.4975312286856,0.0
28.208076150845375,10.622059531357948,41.57045996713652,1.0
7.677497410666556,5.517519623894994,46.23418387860507,0.0
3.196739358491783,0.7110625098549455,98.84348548769589,0.0
1.1414376738541157,2.473858969932775,101.20899651609082,0.0
6.54922195279003,3.5366657914585553,57.744861365342686,0.0
12.645433917322688,4.6328742187994,69.3936481022175,1.0
6.3618284894228925,15.56012213848015,64.3825550361088,1.0
7.814285220562777,7.738315535069691,66.245283924693,0.0
2.4424389419342853,8.387324601865691,67.35992559085169,0.0
32.40450046550937,1.50735464373986,82.33478127714983,0.0
6.962362966753997,-0.3703467977236171,104.63678949997802,0.0
-1.1182661739105073,10.5119521525786,54.70488526722858,0.0
-0.7693452376713241,8.87253525606636,58.38674664706757,0.0
9.548972440716513,-1.4992507326518112,105.91385452143228,1.0
12.124230396305459,7.397155412115504,76.73328794042105,1.0
0.7376484672735824,7.193717222748358,96.5664309077683,1.0
2.4907818991416177,19.184101093709526,99.30233576195742,0.0
-7.282195216881773,6.773540340032284,38.110751663515146,0.0
2.3015299497744013,14.340305136954818,87.43764203811624,0.0
2.5812511159879374,5.083115956542678,40.630556482321516,0.0
-0.00020045936182218625,7.2580256592061385,83.61549021266455,0.0
0.9455926406294217,9.806654175186434,72.88975742683562,0.0
1.4892861941207447,17.069719085893823,62.61329433599807,0.0
4.32422259159544,7.5070553579269435,79.47061749917134,0.0
18.467722514171246,9.52632749267622,41.339260554817265,0.0
-2.4710848199146067,5.407657486911404,71.30187018019657,0.0
29.38070755758128,1.3344556101436742,38.4148812459681,0.0
44.28370688273866,28.235157420121748,81.88461678435547,0.0
1.7490467302089328,-1.298268053265975,63.41884696811892,0.0
1.3839391643544434,3.8711551821872074,83.66493347345697,0.0
2.2434698844742718,16.50748725434969,86.1675190385228,0.0
31.944948351610964,-0.6805979433740054,98.0998181274318,0.0
-3.0254510494437694,21.43070071198731,34.008436481482384,0.0
-1.1698450308379036,3.2127132229359083,89.54713780497661,1.0
-6.634736181496194,8.427305933954857,93.15039306368595,0.0
-4.515914038831721,6.137264704749313,78.01184991897287,0.0
24.8110837286985,9.274827675431148,74.02814024165774,0.0
0.9350366335051548,1.9276775027708923,91.69347649634616,1.0
8.768823242095937,11.364022981473118,88.27674330106191,1.0
7.389561887460593,5.512217585363462,96.93843550262248,0.0
-4.240554716977872,2.966706725595474,76.86473094344421,0.0
-1.880065087383875,11.657315565982094,48.28209896858788,1.0
0.6560974485709687,9.90933274956002,92.70551259577303,1.0
-5.830189214910787,6.360278495636759,97.39575675537517,0.0
-1.9192217540848626,5.962924376408693,69.00311827587818,0.0
33.43360168768773,-1.2507093527749293,74.05566371394522,0.0
9.37431481784314,7.9460824888308705,88.27110932759138,0.0
5.203640383533344,0.5148898573205277,64.76038756833229,0.0
-0.7860239096726136,11.209510561262512,98.50985329595291,0.0
0.33527135710994527,4.371816990181073,61.493500182595774,0.0
26.514142498243487,8.213981401893053,75.27275222542043,0.0
-4.1871026445207,2.1754643140593255,59.005099981670035,0.0
0.7228317575519648,6.931094445234441,71.84702574827682,0.0
23.055351832846085,19.212398013172518,66.19461907508457,0.0
10.365315083955036,-2.490193878331824,56.77164215847127,0.0
-3.431325646596469,14.439241620784895,64.01533595589855,0.0
2.1609177238952544,5.859747257288278,89.58397480493015,0.0
4.829210675750652,6.598960251507229,60.619887335472086,0.0
4.683470030489799,6.190585113301601,52.89257124566167,0.0
20.715775608773185,3.1498167655797706,54.15704204814704,0.0
-2.047813870595348,7.196555150449038,87.93421999216605,0.0
1.4314523243468937,-1.1766963924695397,99.67117243832041,0.0
3.6789041378517124,21.627335497311023,33.27317613466621,0.0
0.2977952594781943,0.09392268851175176,82.00125877286008,0.0
6.802264722402696,9.219364662464383,82.45942424868814,0.0
0.11334295604018554,11.229789506430997,71.90884582334813,0.0
3.595998231329076,15.926055434248486,73.03011976467003,0.0
-3.0557260203654666,9.626755134274644,88.89817665428122,0.0
-0.9342356506495395,5.367405648257096,51.364291132698625,0.0
10.65634242840752,6.174398069939759,37.21676408235564,0.0
0.11811533625888773,4.33712008894107,92.29496578560554,0.0
1.3281499776768526,4.764938382192911,62.334462853356875,0.0
-2.5361807030122905,19.442217578478925,82.5878090586584,0.0
-0.6154111722626505,6.182262274790586,77.27729958686238,0.0
-0.059915714735616556,3.8867953960423702,52.44106513828985,0.0
1.5068381079625472,4.472050889193515,93.53560076770208,0.0
47.97362835173074,6.160870804995001,102.67233960714377,0.0
5.413093116448414,18.57668448847894,80.62472216288499,0.0
-2.774489801419403,8.393989873348191,87.97807477753962,0.0
8.978559193016867,18.845878111857267,63.40088172686926,0.0
16.70558558628474,4.01493830783348,59.27634718762265,0.0
0.4096880621605377,7.067587937201287,101.9711330929566,0.0
0.3460768633831021,-1.4411068434463352,95.3892415736985,1.0
-0.3875462892074859,3.4378950531679564,91.46233804522532,0.0
20.060525029103847,22.289355866768158,54.52365770672412,0.0
0.7464775460419875,10.680391021818458,83.91753191444795,0.0
-4.5265691242142125,12.080921323514403,95.1622230761765,0.0
-6.259138168535419,15.847354221141002,58.98999750871558,0.0
6.75749365169493,-3.3767074187643344,88.19225325746113,1.0
31.72284136095219,12.569713358289508,77.43476794426728,1.0
8.023966113309866,18.449365685285237,83.32821156168683,0.0
4.00745992523566,5.808898259752507,80.69561865548587,0.0
-5.149707078531662,9.149443961924709,54.17032613956976,0.0
8.944811065776172,8.331360313660051,55.49728864137346,0.0
4.17838213079325,10.981284790963198,96.95760971329182,0.0
0.17725680184010606,6.962859005003089,77.20155568827806,0.0
0.7494478567543602,-0.3520392807781079,100.61953180983927,0.0
3.3593818510361504,1.2244867842170786,92.35826842885307,0.0
1.1570107016466424,16.54486582099212,57.8500495150414,0.0
1.3697030999722928,4.963782700030527,63.31332856411959,0.0
0.2916582306974616,9.686018316876797,56.81318971743109,0.0
1.5250080852727113,6.1901782789140345,44.808618675473554,0.0
2.587246493850763,6.015637013000551,97.30365526392592,0.0
0.8853587609491789,6.543209089429192,84.06414045600071,0.0
21.080949396732063,8.223349467008047,72.48447045677354,0.0
33.095461232854504,4.850618975249243,104.15295912771958,0.0
33.559565461141055,6.281837687524886,82.21968836049211,0.0
0.39655874173169803,4.327890336552166,92.59332740602343,0.0
1.9859089093958577,9.96509884127837,63.484665767641175,0.0
3.151397537216979,6.228190110946232,51.71051342154825,0.0
5.592757174104874,8.809157451614858,49.93220259988215,0.0
-0.7131339100532973,12.5050599637476,50.26175030009685,0.0
36.43993195760822,15.990720172555747,53.83682084649473,0.0
0.03887453217658926,10.271938592944739,64.8336221588102,0.0
0.6373730607212242,16.886523915117355,58.99807096829964,0.0
-0.3103200911857624,5.54659272225099,86.53755654705552,0.0
4.117573885346481,11.533788636051064,30.519313006535956,0.0
1.5654937326856677,12.884719234603368,83.93838419119074,0.0
-1.5614794048575695,26.138131091276744,52.8751006956836,0.0
43.23908849350209,13.704026117951633,57.71567192235277,1.0
6.713467549679713,14.417178054144086,79.90491533838691,0.0
21.155673004298727,10.14294058804282,99.54178185842876,0.0
5.605382074776153,11.015892434170054,36.947951424438855,0.0
7.962581027911707,14.276805565324466,86.39591150684683,1.0
0.454837578686556,5.133491063396428,90.41308767484598,0.0
4.152692347760395,-0.13817305075312092,86.41734810282692,0.0
3.311499550415384,6.683412277952353,77.40046286829913,0.0
1.5440631729566923,20.464398947242305,46.71935667068165,0.0
3.983261297511345,11.362876615209977,66.35676704881098,0.0
-5.6234735350470295,0.3815262576930015,63.38687378611308,0.0
8.588083302489911,1.6832625178125173,98.20282327873089,0.0
3.1894209173473436,9.323394374485805,58.12743346444465,1.0
-0.9132212304105041,4.580845891135488,63.888067330372714,1.0
17.771233894556214,6.939787073003168,82.26719949962198,0.0
10.563487150954806,5.62507179872733,84.71192963839329,0.0
15.848641934879224,9.166246361493581,80.48767454646405,1.0
3.437084719001833,7.042164047377257,81.76413043772195,0.0
2.5785058663662532,8.731834609908155,40.43233727029411,0.0
8.955909204756088,1.5075879184571586,65.01410427376106,0.0
8.026561977573005,10.675442763970269,57.491040421807966,1.0
3.1561169460856546,22.00497444200266,56.20136230327508,1.0
-10.455927618903191,4.593918527874955,51.22396575704922,1.0
1.9380227919647872,8.449056389563506,74.0080612125322,1.0
-0.6005978356206554,0.8511152602942851,78.22661379031783,1.0
3.10607294630867,18.52387760276917,56.82980086713988,0.0
1.7367778077829708,12.18680620810339,79.32851182719212,0.0
64.79403978965892,1.2386835370538736,91.89342217102104,0.0
-2.9014565111484596,7.1904453776698505,90.5057147424003,0.0
2.6847633356054175,21.08481920231005,77.90716635569038,1.0
-2.1710833848021873,11.706413182814828,42.55562849356331,0.0
25.66313262646663,7.237409867519725,103.62536596058311,0.0
-2.121394498618353,0.6777941457892184,84.74585890749576,0.0
6.374946866735559,16.686487499049363,73.8066851840531,0.0
5.33877703279706,0.25924891956119833,49.94747056816736,0.0
8.263523724225667,0.1513361625312079,84.90933868775753,1.0
-0.7506757877657473,11.154206651735228,46.70958372679973,0.0
2.883480537469704,6.02614212835537,85.36219538776163,0.0
5.364799182595939,-1.8453087733945999,102.50238316028587,1.0
-7.720391147165657,20.41560872629738,43.607088638136815,1.0
7.499964294058948,-0.21432243825861025,90.80208452542439,0.0
27.80859534368782,4.849404132387352,85.60209136147989,0.0
-4.8907846644371675,23.715718875801443,78.67183475774223,0.0
-0.05244128454767504,10.311451561062364,56.3665707022341,0.0
-0.6295544667613268,2.809202403315546,81.81141472668585,0.0
22.974928990735908,13.46491455385115,95.04018990246861,0.0
-2.562220028193725,-0.3134275109483878,38.445664306580625,0.0
2.221726199467038,7.432897300656015,67.57829954727737,1.0
2.4212067034002978,12.11952081657672,88.81818611899686,1.0
0.5994230324353296,-0.147887464523029,97.52769289991127,1.0
-0.10869497201187231,-1.2818900110090075,102.56705112348632,1.0
0.6699378843856224,0.5176014545840459,84.02193450373461,1.0
8.936444898978104,3.6282972196956886,86.9366133037381,1.0
7.676780712942699,25.08849858659077,48.43649117159068,1.0
-0.15468708198397446,16.618034037189034,43.81145391060003,1.0
5.5874137349204265,12.311184163953612,67.11351403997624,0.0
0.12854070717025026,21.680455265274606,69.2883831624595,0.0
0.06577036466491985,8.264794152860837,93.36594583019544,0.0
2.270754531137994,20.85286640686884,58.82978037950195,0.0
-4.692484243196232,6.151840287053611,88.75645767645523,0.0
-0.312134439104936,7.839563793907727,85.33533844214952,1.0
0.7331215917166133,11.196067765890078,47.72553062023069,0.0
1.0662106768034696,12.297255051735034,81.14566545678873,0.0
-7.084083561489192,17.42234310795434,59.324211884548575,1.0
2.542459037125693,4.550840544725956,91.00359721035967,1.0
0.8381478540278375,4.422766730385228,94.05352040155388,1.0
-3.214445351109362,24.182641528073173,49.11898293377686,0.0
-4.795596901972923,22.223417543493937,49.326008705416356,1.0
13.087791594962061,9.347703387956226,45.41031553190713,1.0
3.407393626043563,0.07241648877243236,92.29069205339638,0.0
24.027337635443622,-2.7306343356423888,81.92399173553173,0.0
5.874225333110538,17.61847259841923,31.376383380693504,0.0
0.38684972375204774,1.3395580124560915,104.98231868178519,0.0
-4.2701882244099,20.07136042913823,74.17955488803194,0.0
2.2373862257035064,9.765919575848383,53.761015383676686,1.0
-2.0779193978012422,0.5898645517693182,100.58641138534335,0.0
0.15031912514123005,8.326030941815963,86.64026600444858,0.0
0.3968130577926367,16.783262291339707,65.48465367992861,0.0
1.897492245493673,6.468975104320011,61.450722290666114,0.0
6.413394675286833,8.653344539290192,62.63599633611649,1.0
68.72057332250836,13.159960132824217,36.887413096147434,0.0
0.7353564039942955,1.051940226668366,78.50782511789753,0.0
53.506979593293906,10.323126297491868,72.67369272785454,1.0
0.3803638421368869,5.99334033563977,79.61475696942607,0.0
25.224727544659338,12.470876520284744,52.25784012697802,1.0
11.054040718692107,6.592765096275206,69.35215126426593,0.0
0.9673111472221327,8.089551259327772,57.81225860669926,1.0
5.474514720526527,18.5536818093016,49.55477460143906,0.0
-2.638449064659207,14.67721925704749,91.9891242739991,0.0
2.1858317780566554,6.619440857431897,79.74252275168324,0.0
2.702648464541204,5.507777654079866,57.73113797440352,0.0
0.2131353884188417,6.745725213261462,85.01872942373069,0.0
-5.206960189425196,4.520749174099558,78.15662330487521,1.0
12.275146576656546,6.869771713575657,85.36671561932056,0.0
-0.49907961903041276,15.253572562136325,76.57484422344088,0.0
25.845273288270675,4.785397499380526,51.69322876279225,1.0
0.5191405364966266,10.534800171662235,74.04922945180681,1.0
-2.526385456383996,8.52066755495968,82.48835969169212,0.0
3.3910601387111816,25.375472762833,51.78910162608686,1.0
3.1567385364655305,5.391627899681262,90.97781782533146,1.0
1.3101858445879493,14.701971430940374,84.27339484614005,1.0
-1.8839461677132099,14.284568327088145,84.38053520635412,0.0
-1.4253285300249994,6.999532504781007,97.25758802931614,0.0
6.090304059794137,5.8176244167587665,78.31406884897005,0.0
0.5959247682787323,6.022862738754276,55.013526409872895,1.0
38.07365824423696,4.216411687469405,84.86990909551209,1.0
2.808445422819683,2.186960613320666,63.561531205761796,1.0
0.6831750840606694,10.921818683998254,47.029133247216215,0.0
0.7810352700899836,4.095114921896837,77.16459635544867,0.0
1.5070593389893403,5.965970625999507,95.38177028184343,0.0
88.64299886935731,8.55554583950636,47.85724387477525,0.0
5.981583178374315,5.618412710056561,64.61301998371248,0.0
179.92298045444974,4.413870288043491,81.58109174616274,0.0
9.11925282626179,16.89772317632399,43.23945933361633,0.0
-2.8943240265262293,13.826865975482654,73.45070297331077,1.0
-2.539854826201804,1.587875755306742,76.10423085004359,0.0
16.220917263857327,13.592922527935347,70.56663343292317,0.0
0.22542281477552212,2.5658047439401575,50.12731360754047,0.0
2.2019031649878356,7.987985077398881,79.12438587070508,0.0
29.48497642100401,3.0459472619365124,71.6556565528139,0.0
12.292483684107154,4.424587216425778,74.82955930583418,0.0
11.311398647442969,16.10479678697211,49.498379602788454,0.0
2.0114095866616126,6.357820651547983,73.01386651020225,0.0
5.265986149803645,5.798244615812501,64.9236998369614,0.0
16.936921951904342,13.729492145649331,46.266615393814746,1.0
-8.244890594879827,6.780046132871838,55.12838507542809,0.0
3.3380909454989736,9.33035004142668,94.62860547919175,0.0
6.435256244330958,2.4239556222906713,69.48623804392345,1.0
13.736947167809983,6.2198091659762245,67.57738347571124,0.0
-3.165769896110384,6.585364334895382,56.33688997720512,0.0
13.927199212582327,22.476513077877502,68.99849580572754,0.0
4.143764650740303,12.212859329941162,58.57125605860513,0.0
-3.1931003510316156,5.603878394124022,77.38318512987624,0.0
-4.023793620019725,-0.08761504065923988,100.30890199239235,0.0
-0.42772038026138853,6.212982528415192,74.59313117965321,0.0
-0.1516135084743157,5.780101777711476,55.71501868526077,1.0
8.1077185432924,19.06216853772725,32.57069160798992,0.0
-6.701466287903298,8.594544393084066,77.60496073217494,0.0
4.583266294022773,4.137963164620402,76.6284048996742,1.0
13.077853325883135,18.557177751468956,77.942810349474,0.0
2.4987929827720867,5.711164621829634,82.32863746141948,0.0
-1.5954892023599303,8.425990500486659,56.4584615906429,0.0
-6.2134931940896605,11.304633161839048,67.82254840637582,0.0
0.8213553114391458,21.02695172821498,51.33292648466213,0.0
7.593540002196176,19.781549453134822,54.85891851615391,1.0
15.086919974487827,28.776665670673825,85.67762630596606,1.0
3.840397641259107,-0.15238207690530645,64.59672779136433,0.0
-10.18227875045359,0.9730527144376921,90.25777914833586,0.0
1.0290575384876286,8.764986854340592,65.74815938760973,0.0
2.30179691860058,2.511244971441518,45.362940185670766,1.0
20.221095656695287,11.457571883898165,49.56509249094648,1.0
-4.130377490974904,6.999368461569755,50.51387081827416,0.0
2.893875094813817,19.967229927287956,45.15685210106668,0.0
2.488891412806761,7.65064288901111,55.99980729414329,1.0
0.6553096720267797,1.9659302049980685,91.2523594396376,1.0
1.8389663926987487,22.64216079492519,47.23705401346153,0.0
-0.7492531338690356,0.33090091996354326,96.86450524009017,1.0
0.3340512763135659,11.190748049717248,92.07259647938741,0.0
9.823881030567595,17.268566270315404,86.2224973771625,0.0
-1.4199477132600116,16.495275800097694,99.80629685413574,0.0
29.27862711875894,7.546425561966299,70.30998072587944,1.0
-2.977917923800155,2.8068192635557496,54.76548460909298,0.0
2.399047156783624,-1.2687970060321652,54.51236658268477,1.0
4.034551237602792,2.556184041299062,98.72156677774977,1.0
-1.938760269620051,3.4817302681863564,78.32566413806023,1.0
-2.8408297030366945,-2.6201942908775284,80.03603060915613,1.0
2.7620450000673844,-0.9902346102941165,94.38978352815813,1.0
-0.005646519972733961,-1.429960838421147,83.83689452978118,0.0
11.027227029084052,0.11173869913972778,71.67164329862784,1.0
3.510647188098241,14.04753742465863,65.9974488704028,1.0
0.34309002322767385,25.95642513909659,64.83679738859983,1.0
14.497083037500609,5.92232188835305,47.16086863478494,0.0
5.8251865438510615,4.436540839877631,91.51621289884633,0.0
12.703547963592401,12.945142368915187,80.03543160733756,0.0
3.4956118998603602,-0.5882473276249764,100.6307232688115,0.0
7.561473688376118,3.458590046507342,66.32417192462782,1.0
37.401177657751944,17.369697341742448,52.97271624485217,0.0
5.581962224071143,29.54514698803139,47.194219955923955,0.0
94.93152696429993,8.56229620168056,57.12581074869774,0.0
0.4874333908690657,5.298641783610757,83.8867465585563,0.0
1.8052126890924063,10.738341215192797,87.8239548685422,0.0
2.168781235483624,6.830001516601451,54.27838163682889,0.0
69.63220471674376,19.69250719005983,71.57330671293667,1.0
0.1897271181320112,10.028659701374862,84.65710127848908,0.0
8.254059994324813,8.046546625612255,60.40318833121625,1.0
-6.126560688044594,5.578445670522772,90.61273620810682,0.0
-0.4418581331594337,1.6322012384451015,47.02557595159806,0.0
11.665795932634442,4.501116478226782,73.9004965236584,0.0
6.717932212753562,10.286453200612865,47.76827601178815,0.0
1.0484401186162486,9.829319167197058,49.393731538108355,0.0
6.674792831974689,-0.25903584013324565,86.04857016703954,0.0
1.670967318066853,5.6135700263234325,70.82603386741529,0.0
0.3989075979558971,12.65101114334848,54.42950611705657,0.0
7.056233407301533,5.423863585411654,83.48438907602645,0.0
27.29269081723957,5.446363063165773,85.03120212539191,0.0
44.03726074189287,1.1794726171372496,51.63502504069127,0.0
23.588080275604874,13.412816981975833,92.50938208401016,0.0
-4.96314104440832,-3.454306363809706,74.26364302258303,0.0
3.61119708539206,12.652770906797812,94.08362890746619,0.0
32.414865856504235,6.376822194249128,100.35837734373088,0.0
1.0073489482385394,1.6450599702212083,59.347061594461834,0.0
29.424041051184567,8.729716263729124,62.122707040998414,0.0
1.8006354213645563,4.5535514629140845,75.78873754569777,0.0
6.074036440243882,5.016285180308721,64.92217202729734,0.0
1.5706555761797452,9.458147799852766,81.42273995447725,0.0
2.318324440211457,-1.286545231682155,106.74291290395931,0.0
26.6017956833335,19.456644046033162,75.74006184977205,0.0
1.5425521978415466,13.42565855405627,56.960675129553586,0.0
0.134958145036358,-2.1318064938616796,79.09232889530305,1.0
-0.4296487315619007,15.334957019304579,47.19619198008242,1.0
22.879748553350627,-2.2311315251260213,100.67527495408002,1.0
13.494658770020287,4.211367774081453,79.16414552859344,0.0
1.5339062570041389,8.61398492368458,86.83785418438674,0.0
62.103282831586654,1.8260353386398065,69.11063658328635,0.0
0.6566314738142085,6.5906035408109425,43.34654068806026,0.0
6.518488897133957,9.63282824439842,73.62193922788869,0.0
-3.5130756846232116,9.37743464284455,81.6989451857277,0.0
-1.4624677817315788,-2.2063691153558396,100.14017386252523,0.0
159.72622498737684,0.06548236960830289,95.80182301895164,0.0
2.1439027263049715,7.690092565164993,53.25411810127456,1.0
0.3905056785653043,-0.2173904910715561,68.05878473282735,0.0
-1.019511888084167,10.318066281675264,60.2961562891653,0.0
6.671368854957876,-0.03810842648210494,98.75242617694323,0.0
-0.5463598289403049,6.926684970644742,50.34026873591973,0.0
7.776587020118204,17.03984048613562,49.843950025057254,0.0
-2.573128397787463,20.28567651072148,87.95333151920973,0.0
45.42701752195374,12.184991702637337,65.03390936628098,0.0
-3.0894615111548873,16.011710015096924,34.793415430196816,0.0
2.089159405009347,-0.1873371209115685,92.19239980714806,0.0
22.458731259645575,3.433292100266053,39.7180029203264,0.0
12.046112607022396,31.132368443162786,79.70642379941278,0.0
11.238942143186486,3.8158779579148665,82.05120092554473,0.0
24.23922571165596,10.375213955851256,101.6800718003352,0.0
4.100030970013437,17.00748063866579,89.19913639342873,0.0
4.030781401800006,10.930670880353448,75.3247717948197,0.0
-0.13815780333261293,16.449814159123868,65.16482227873051,0.0
-4.032725867413168,7.512191999541443,101.16480607859707,0.0
27.985642496590714,12.650433962454944,44.09115324810397,0.0
2.8702975817836607,17.955606300207563,58.941494035427915,0.0
-2.6598843256256357,9.736606712597222,67.50263734164587,0.0
24.986208760447493,11.792741776148382,76.383748129269,0.0
-5.1202638643744125,8.04617781367223,79.5963520327885,0.0
4.877169020116645,16.125127316968573,56.1741326976333,1.0
4.166557269662364,10.319451636825105,101.21683013696182,0.0
0.45783105307648087,14.048149500057653,89.21386996640653,0.0
2.580636329929051,2.5474688394621885,77.88325787041636,0.0
26.898765467933845,2.2610836954527462,98.93769134244377,0.0
-3.5869945290316636,1.6253294225381105,101.68581233052362,1.0
17.15072068937648,6.475812971521406,70.48676695028763,0.0
3.6464840085644235,7.438159116212926,97.25524301282971,0.0
0.7156049324422743,3.9325985059146404,44.06010978429195,0.0
19.97758790401786,5.8355597906377294,64.45027892152932,1.0
-1.267231765980209,7.363221013330313,80.40968447720341,0.0
3.078570313498734,6.122842434119404,79.95879985826059,1.0
2.561009845299295,7.480723201458885,48.27908386318439,0.0
1.5445102185260284,14.169842017420745,46.33087682098862,1.0
10.859523519373324,20.84328096216477,38.9849498546348,1.0
0.7970756902485404,-0.9995953975726178,107.70594207442896,1.0
3.906920956484926,10.575333004437624,85.95929236527564,0.0
29.225101075610514,15.436867719990595,66.65375876604375,0.0
3.0440563643044247,4.333088482496592,61.54004042156618,0.0
13.414035841036728,7.989030396652794,52.35538901041711,0.0
13.608123288760886,-1.895589025126444,100.46339955333775,0.0
1.043934248856965,1.8994945523680058,95.82541370566956,0.0
-8.022435850899585,0.0988441254634792,98.70754913004954,0.0
0.9061602915160284,10.32280669933631,53.90643568156978,0.0
5.715077532096628,7.015254978052052,79.36531888333374,0.0
1.944645513156142,-0.5143554964622922,95.04335449262649,1.0
3.6337644985287967,16.043720245368277,77.31927481607232,0.0
-2.0078853722796857,-3.10473066061819,100.74624996046506,0.0
-4.5750764231871095,18.00365580326819,71.5312135859887,0.0
3.5066818755037126,4.0582386613758485,91.08812186993175,1.0
-1.9039125020897938,6.444275125198946,87.41464665832763,0.0
-0.9284722274494606,2.936103962552125,65.24860751182685,0.0
-7.400245976065127,4.96112043904405,86.32188147485115,0.0
75.13697297501284,11.276831228506918,72.67005075732705,0.0
-0.8220883125475631,18.0078616719059,69.26367625325297,0.0
-2.4492842144913145,10.219320719553643,67.76057915359436,1.0
0.3618349271399829,1.7036394518270268,84.60446843385054,1.0
55.15989579850533,7.576306006567604,94.84598755728177,0.0
16.909121744670102,24.642118320305507,76.82787119902054,0.0
-2.3641237773297092,6.338903016764182,110.01337999054628,0.0
2.491091787659942,15.028061644656356,88.66027662921263,0.0
-1.9935595637500374,1.137226948765365,89.85433404976136,0.0
-1.6528816263472172,18.692453518108138,55.3980905385117,0.0
7.013800005278909,1.1863877921672221,57.75800447299774,0.0
-2.947796685715771,3.487090783169257,81.21609176183573,0.0
27.612765968397778,0.820862457923641,92.86577998424337,0.0
-1.8472816177952165,20.011193467828818,50.77672529243893,0.0
4.15772434286154,6.85320303605067,73.00822532132938,0.0
-0.12539534102094801,5.918377906488947,87.30711361845341,0.0
1.3322996689623041,3.899885893618336,71.45350960885813,0.0
20.10669667295528,12.457680105674116,50.46587246438288,0.0
0.5066139247546357,5.702411806867989,68.86258182083904,0.0
-1.6194884907584426,6.848684822282261,90.25682159260475,1.0
1.1273761342374653,7.03816356400432,49.85562611459581,1.0
-4.02968690450036,7.450822730128774,81.14963973047051,0.0
-0.5630219799429879,19.8398639822857,63.36448169923376,0.0
4.35082578154619,1.2877232719039586,94.29720364083474,0.0
0.5381384495608438,11.544801620992313,73.58573022348271,0.0
6.331669168093492,1.87467945237296,50.431789861581926,1.0
7.371130124079646,3.7178009737874094,52.19240787770137,0.0
7.936396355153576,10.636025004894156,70.26866341784267,0.0
29.092380106203002,-0.9950513551177453,65.66153746193342,0.0
44.278292549770434,28.906904126805923,95.88488064024119,0.0
0.4080200525114711,10.180897890358972,71.66397677740576,0.0
4.062383971102428,19.373079684823097,77.75932279892149,0.0
-4.421826197656285,12.645608957744255,30.80392465028597,0.0
16.303706706193744,11.762186763279656,98.30664353054586,0.0
-5.702100014808439,4.035712057354415,76.41553680590822,0.0
6.17514665281974,10.401979670498553,64.24926198576456,0.0
0.7505621340153574,2.673855128280874,101.22339903898927,0.0
-1.6381873324168268,0.2421082808876605,57.980326242854886,0.0
2.4793931905721065,14.055247007105137,58.3983780436167,0.0
11.260496649529093,9.69971802039664,100.26445591577041,0.0
-0.37404899624304166,6.703498427814536,60.27340946988163,0.0
29.354310437762095,4.166649943402047,72.88666762558476,0.0
0.33225198673737033,7.807117993145213,96.91697360359622,0.0
14.729869229088685,18.897028936259666,42.46895618840851,0.0
77.75338636962512,13.36699012314302,73.75912782901348,0.0
4.424727081502713,-0.5909874488918899,89.91299889719089,0.0
4.7750605666673,4.59810535481135,85.95364322003695,0.0
12.852240472149207,9.964900081108137,61.67127185719609,0.0
-0.8625172244476226,14.626955604730753,58.263030653057335,0.0
-2.039587340262474,-0.677793047675073,102.72285682388353,0.0
-6.608227080419741,15.162774773596567,91.3295777306244,0.0
11.52443808359858,5.192149010235702,66.00885714214864,0.0
5.1014809465353785,11.450304742203516,74.55454624115535,0.0
9.294610364298965,8.250282912873647,79.38116228757983,0.0
17.833371973750612,25.30989209868141,83.15263815016421,0.0
-3.598417681389908,5.9668650822943885,73.0245269828607,0.0
-1.9675710758199725,6.150387662585054,68.33726791674829,0.0
-4.06237748836127,2.6239548731407125,68.59303827616098,0.0
0.5972712005405152,38.619149107147095,44.21213541876345,0.0
7.584446297234146,-0.11305099866158785,96.74512786311907,0.0
6.336620044934531,0.970201978690898,67.56554081875828,0.0
1.8845368115507428,11.961033667626452,66.58993393688347,0.0
0.08543614086918172,13.407909599378296,47.28380184571943,0.0
13.722309577704223,5.2251185535755535,70.50464808969932,0.0
-6.487021379283653,16.39371083616287,33.627109590923475,1.0
10.347114573020972,-1.4301425491916149,101.76273530940989,0.0
10.730988397487826,1.7735262317354785,96.5945331241063,0.0
3.429091229831762,9.981287465776724,99.64475197102288,0.0
0.021379845926290584,12.540854451855969,51.05801322104011,0.0
6.895577243665029,21.851972176210783,48.53508844648208,0.0
7.977375028890767,0.7243097881219988,85.7837479726052,0.0
2.1214788283498978,-0.8699548645944996,101.08087948312894,0.0
40.41866989162886,8.992000978398567,101.51641606490551,0.0
47.88168823183952,3.433599906720632,65.92650996673154,0.0
5.10132435368615,8.030971909102817,51.34730775151555,0.0
11.619770818585332,12.539065312179293,82.94009408834097,0.0
0.5025076551803972,9.161808113609162,54.43873956470693,1.0
6.330897442763119,18.17582334110163,95.37437114728715,1.0
29.960985421965358,4.837561347388389,89.65800432660471,0.0
20.086267929989532,5.4910444260299425,73.47216895753996,0.0
14.676657439715594,1.5818739565569808,67.8818115584886,0.0
-5.9535206632178514,22.224994468521203,90.34404921088044,0.0
-6.1002570832366585,6.641006860903358,51.52939175171478,0.0
2.301144007675598,1.0100360032555347,102.20461366905911,0.0
2.8732622320492864,15.134064776629634,90.11927913204714,0.0
2.259883228090484,6.082766791642241,91.52329609590936,0.0
-0.8936016443527763,26.67002043708792,75.49938929446313,0.0
-0.15000702364075594,13.9913683639903,93.08644206727118,0.0
7.120200435382824,8.413289114358223,50.91728128104028,0.0
15.210320250053046,16.501480477299538,89.64270435497217,1.0
0.8195657567203272,6.951575639135231,96.43874809619986,0.0
-2.489687965798481,4.669988024294505,72.8231836018879,0.0
0.04393619083454687,15.0328174102333,46.10913436918975,1.0
-1.6978283057441488,-3.3538204341419884,102.44361662265528,1.0
4.724387201887843,7.18139822051199,78.95088102093011,0.0
2.6012803966586477,1.5434913544554776,71.5024102762353,0.0
-2.560842228115682,3.7147511531562145,100.17696420235464,0.0
0.1947020614848063,8.51154901420237,94.54528854411444,0.0
4.509025810274413,7.264433893730493,72.24765485541062,0.0
0.6696539146513119,5.108404223227066,95.08793061148275,0.0
26.05516587912939,-0.1778537307996698,92.5649455448113,0.0
14.236000452697375,7.417488755111032,47.15882814314288,0.0
17.243883519165568,14.085373767810635,61.047610314965915,0.0
2.120518700541683,6.454095000350835,65.255643882163,0.0
1.939597117264165,8.332372866995783,82.33141859854732,0.0
-0.31574575037418406,2.063259323438974,98.43974088316745,0.0
5.374625107246486,6.327617932916435,73.57715021572648,0.0
6.020695462795433,36.20520099658604,54.121023815862486,0.0
-4.30636342233119,2.9429549534335875,73.83721586396794,0.0
4.431599211319641,9.153157439617338,95.52797171158743,0.0
7.052665825865759,2.6387061774985034,65.19644461131323,0.0
1.2832181968257321,5.940151524028019,52.91133615321824,0.0
3.103644380755469,6.155578253385076,102.68528657004065,0.0
1.101825168444258,7.208530926296612,82.83548283345573,0.0
25.203889355371857,12.541807347204415,57.78888852215207,0.0
2.4417016529729887,11.604798667208739,74.50337159385657,0.0
4.2843731706699675,11.988910095794708,80.85158545846583,0.0
3.7479285793477093,6.732619049531211,75.56753425705325,1.0
-2.4906552940596787,8.252802737050867,94.5450856667165,0.0
-8.930835027520477,14.629864539119477,49.498138985383356,0.0
28.146824190062308,1.4870619168726014,75.93911899435867,0.0
6.0272223871034765,10.670793168241515,87.31062091578987,1.0
2.1874195006949764,8.75859310127429,72.92536040254126,0.0
-3.9978718349881937,6.502175867500839,61.06807290869072,0.0
-2.4088690313345165,12.728805426399996,72.82837406968912,0.0
6.655501245262371,18.343670211633125,52.381861142927015,1.0
1.0440882450550069,14.078239000075621,57.33325784772855,1.0
16.014896002148475,11.09265777520361,97.09247740686605,0.0
2.3337644818562646,7.64780129970681,88.00390050320107,1.0
25.022997004834618,14.714615016472484,56.77295996313219,0.0
-3.9489571288752976,6.333082288755291,76.72047633814567,0.0
54.71516643404608,12.962448986946711,42.815757263280084,0.0
46.65456504769348,11.185135389392876,75.41775918987717,0.0
3.4637618124284146,0.8683691276226557,91.8018318641238,0.0
-1.48405596841582,11.678134631780758,71.50984471490912,1.0
3.2520972101969052,7.141416580190298,54.795597103474705,0.0
-1.3140000943932502,18.773648259228125,44.92167381057606,0.0
-4.445928412947499,11.54854278411438,75.46261803440012,0.0
1.1147075680778185,6.402059981018289,73.50390368529645,0.0
-1.45755639242216,-1.4337712868063033,89.40255142605533,0.0
-3.972703274917944,8.327330555489175,89.2700918658547,0.0
-2.6338650429717125,1.5953639458618625,61.95311544831204,0.0
41.921294203805104,0.000909153866960048,100.98763410019991,0.0
-2.0698776262525382,0.1008086857354392,86.24050225003205,0.0
-6.766173582283819,4.906230715486295,99.3234539232332,0.0
2.7755891095310474,5.110743958422823,94.12469692862047,0.0
7.935486723890738,13.896446088456164,73.26547891291702,0.0
0.8248431903648445,20.40665001378943,91.53855383628262,0.0
4.341035881984943,1.0395168369931094,72.6533622243461,0.0
10.628069653762928,6.341029567563063,61.065553945683206,0.0
5.7495398830829645,11.41669341866043,64.60092840169123,0.0
3.774686517201364,5.672546008371752,69.6570002974352,0.0
-5.618875521286294,4.662866635619433,101.83507269979782,0.0
0.5811156304997621,13.827013862177434,74.7650354867526,0.0
3.250115151726529,17.216702880147956,45.14031109410963,1.0
1.48652863052224,1.9372596425891024,58.37954897748264,0.0
6.824711584806363,25.549293628953137,68.67260136418895,0.0
11.956677109665007,0.9536083873032557,97.90582664833617,0.0
4.428368315667742,18.88752224702624,60.878967738583206,0.0
-0.6493256572479493,0.8543838858299919,98.97579832169352,0.0
23.083844301975468,7.097452657675995,54.828136377446654,0.0
1.604739167956637,8.117606496585484,48.360598040154514,0.0
40.149197216835546,19.66657531203328,61.81442924992603,0.0
5.984871288081638,1.4251994420809793,56.94790359501151,0.0
-0.22056596076458226,2.7523431044594626,94.94049795341532,0.0
6.270608246766263,10.15629077616786,65.1223944806851,1.0
1.3843565007281309,1.147567288880112,43.8462852093172,0.0
-1.4709296994312226,14.629728597347846,91.31684276143001,0.0
29.30834235487321,-2.3858670190309104,66.06484138405786,0.0
-5.777125146929672,13.46434852255194,91.24594740174061,0.0
-0.49115063868637854,5.24450727227167,68.98851993155488,0.0
24.711923363646083,2.372043012711377,96.85253851543659,0.0
-1.0785275611582654,6.24794612414493,62.95427888420806,0.0
-4.762579682386498,14.785094262354654,29.113493762445085,0.0
28.061378561341655,11.270442982383631,83.35429465763544,0.0
3.0766547218862366,3.0164305434903764,103.35370162417297,1.0
5.105604575492818,-0.38397476349499604,69.42841710701299,0.0
27.20514180068777,7.809023380601467,80.14674354819108,0.0
-2.1776902132076232,25.334409431509496,55.1000986328897,0.0
14.238559871197173,0.19050660035908978,90.45031184825702,0.0
1.6334820709466313,5.39430187436561,77.14576014907797,1.0
0.4045275024093635,14.8082916131461,75.38656001697096,0.0
5.760815887519316,-0.9358307635597019,70.91821256898177,0.0
12.605542416454215,2.446575614708286,78.73788016270973,0.0
33.20651333209304,19.093243196753914,89.2859736774046,0.0
15.996792627038804,4.90935802497349,100.32947365109116,0.0
-2.1100509680902,7.376117677699745,63.407398117168704,0.0
1.7796499598711197,1.0128918936203002,41.97119830743228,0.0
4.321624496058999,16.893586766076574,54.93239352470299,0.0
-0.38330015483659724,-0.15047046407826448,95.27299396856041,0.0
-1.878919771234814,13.978341548515562,56.50936144511906,0.0
15.906499116343692,6.812511038746056,69.28280124071406,0.0
12.308906431641455,5.447918375561203,40.66252127907116,0.0
5.426373768349421,4.835290974738425,77.34668551952353,0.0
-4.0404168249652885,6.808004824830917,86.92242515725707,1.0
8.128546553321536,8.398170484226172,64.23804425514386,1.0
3.3368653572831755,-0.8099015864483079,75.4420616741526,1.0
-1.8877823762029124,4.628925799842647,88.3129857256689,0.0
-4.5763842090899995,1.7351708289807917,95.19920583421514,1.0
5.703560941077694,14.507386925016881,66.74780488215315,1.0
2.512524525395297,0.7474372779445478,101.99232577977821,1.0
4.967888921727677,2.6383793779784237,57.807927836995454,0.0
-2.760175989414094,0.11406353221599536,84.06002262521586,1.0
-1.5825978626966535,0.07487737841060534,80.28663433447366,0.0
2.9920579164216856,8.046869610060078,61.368638703731634,0.0
3.983487913063975,2.917360258336495,84.2279993831055,0.0
2.067644904648178,11.388904873320236,70.76686492311846,0.0
6.179628959849672,2.3647022202525143,96.06417739089258,0.0
-3.081999163876932,9.319137676527584,78.63753164064428,1.0
7.0399730625718915,18.880575474167518,83.32563632117336,0.0
-1.3835878038584233,7.878530103394681,44.442059143124084,0.0
5.281154035111594,0.5448103423108698,65.92437634535669,0.0
29.255503010951728,6.190906436095223,90.72412500104627,0.0
4.295340054957341,-0.530567010235226,80.77030122667757,0.0
-1.7679450531671506,5.441604708213055,51.97172671981912,0.0
2.17202181962006,13.720604192066048,56.1276046023797,0.0
4.791425793905445,19.08174282348404,60.10273593995141,0.0
4.919861988067498,4.4455051324971535,81.04191538032396,0.0
5.777553766171148,0.18006624441509855,99.78282862594035,0.0
5.852167828264968,5.944174635446711,64.469284042437,0.0
42.23481711022242,11.795835070618093,72.27621345267482,0.0
-0.1644901986885451,3.427356702771341,85.86162289563097,1.0
6.066955774728622,6.56147059581223,74.49851097736862,0.0
-0.5330917084538477,16.03486986502951,81.57731988306972,0.0
-1.2203330803548975,17.03824823283459,93.21024882685099,1.0
-2.492476698272312,4.807698633170947,63.12969846652893,0.0
4.450479052662054,-1.6080255668800345,104.86646000630574,0.0
-4.502923798299516,17.617457729160904,80.3620022344992,1.0
-2.316442529464446,9.350693197720307,72.37062903678112,0.0
5.201963794634217,2.7070882597928283,50.58520935011853,0.0
-1.1193430911853224,16.520164560294575,91.93279652068152,0.0
3.4012222494196647,5.0028407932864,56.26512817021183,0.0
5.315549635585619,-0.019967561919740324,97.88319818833483,0.0
-2.4068809777370266,9.273261126316662,80.48287627372245,0.0
18.844327050255828,14.616888471768803,50.376936834243935,0.0
-2.5312292085274097,10.476806959117635,87.63066397686312,0.0
4.0714251059824225,21.548171193779233,76.78780747463585,0.0
30.482168886522498,19.084784954113346,95.88062502171098,0.0
1.348253233166407,-0.911452351913826,86.28253767731117,1.0
-1.5796347704233924,7.8638983200342425,81.3128658933216,1.0
3.566056000849606,5.193921912575859,62.06355375133315,0.0
6.529127467942614,18.55733369946663,38.5373014944348,0.0
0.529730305723744,11.987771118036484,60.09426409440611,0.0
3.0169080536087414,13.51164945765049,39.2306715724384,1.0
33.1588928874989,1.4699977937220552,75.97672953146316,1.0
28.86120971595174,4.346456417567232,100.77729189484654,1.0
0.07517731853542327,12.587661859807561,77.58279186801325,1.0
-3.819982907203957,4.541554076217336,85.04462745112187,1.0
7.1931392744418465,7.053655776016958,87.04880748950752,0.0
9.668366343861946,8.716086856557945,85.76935816216765,0.0
-1.091034784011563,8.226340146953774,90.91267365039889,0.0
-0.9124395136654491,4.784786244141004,63.94256654159405,0.0
0.8653290109808015,8.524075660772773,45.167131155587846,0.0
1.5990465882045566,15.438520320325644,43.64371971528898,0.0
24.058187149910264,15.731342806628618,90.20086336556274,0.0
-8.370449562920367,-1.5517954622693269,87.47509482624807,0.0
-4.895063220076649,11.960961089296784,72.91552817847102,0.0
-1.1964241367161108,6.127236877098362,42.770026471138024,1.0
11.334346433697489,6.337133571273871,74.0809260674564,0.0
-4.013010009225805,0.21465603827637356,53.49504538572777,0.0
10.165718193073902,9.415844953858667,60.40891302171201,0.0
1.071300284014552,-2.7795661915997223,73.58150450599283,0.0
1.9483881411289503,5.376823316609794,60.10896214491019,0.0
-3.7002061363371994,6.520008619685769,60.15652464725079,1.0
15.72721135550006,2.27779348015773,100.16745568082794,1.0
0.8089399726587102,7.767596239708361,74.263254879287,1.0
-2.9151313916496493,5.241195988407786,78.00596640031931,1.0
40.00991869056698,8.933983757298662,62.082894338756844,0.0
-0.1948558783037322,10.351250465343234,97.31757197398342,0.0
-6.212760126730217,6.637971929165632,81.79488362224609,0.0
-0.2678954158423176,19.33441858016102,34.83939041867324,0.0
-5.861426087308602,8.807826050737766,72.61137260469046,0.0
0.4958131245502888,8.064129427350647,43.88789414654684,0.0
0.8949881593410001,4.407028898522114,92.41045811262717,0.0
10.277702420835293,-0.12646872370240486,95.63444985119881,0.0
3.5142279011574535,22.285234822237875,85.44916027754934,0.0
3.923784399802733,17.979649177282262,76.43586551248514,0.0
-1.9893114320500085,-0.16795115599337268,94.58631948886597,0.0
0.61507982988345,10.751994392985463,88.94300655869309,0.0
2.2339059867093543,1.9545439164134835,50.736259858849,0.0
-9.46580002058941,7.188561520291323,82.80817291807588,0.0
8.658582982148602,6.521673212388443,67.71343702695036,0.0
-0.5551849842968959,8.02751704629437,88.91212670525584,0.0
-5.5001697623944,11.9648396791601,69.53775464053322,0.0
-2.313701733980847,8.285720377622113,57.82616689725452,0.0
2.5924496111484117,8.18318199348505,59.87499322043806,0.0
4.65872125515916,1.776508539130957,85.29066217825273,0.0
1.530822370582917,8.354602854907746,81.91866013139477,0.0
1.9529594521092157,17.650413815078906,80.38602924447842,0.0
-2.5983699875744124,6.06234251751982,92.40646248425853,0.0
0.4730043919946195,5.7383267765687735,67.14095109721923,0.0
-4.063027183960734,8.929091302467143,94.24839209494327,0.0
41.33266650462347,15.355485364023348,88.75419310708826,0.0
-1.6277151731638755,5.836590939369106,98.19860245590948,1.0
2.050677308014732,13.411420642317669,41.291947706294586,1.0
3.8996459627091555,10.557393990970832,57.89535061846649,1.0
-0.4320166228675914,10.099362144941486,66.23857371195622,1.0
-2.7784174071461836,23.52183801917911,61.551672143859726,1.0
2.132828128445529,9.017026501469312,37.94064509968662,0.0
1.4681337333860776,0.4470832680385478,85.67536271489675,0.0
-5.484084863625256,4.4853489555064705,85.10248721081737,0.0
6.142289918514184,9.3736805337228,28.06680154765041,1.0
-1.2092609807324353,6.4330993346368714,98.0969048903049,0.0
2.286379548364373,18.273748123156842,99.56423626519658,0.0
1.0313729308257638,11.237550476831107,68.53206808548552,1.0
10.261944539713454,1.8733171645652593,66.9504747000835,0.0
-0.9135355001803758,17.735815025793407,52.27481182283701,0.0
13.198073299072266,0.9371915841726606,58.212237596572486,1.0
3.2485435248137238,3.0976052145341164,92.90143563355439,0.0
38.91940796089311,11.614187042120983,68.84445062065113,0.0
-4.315151121526071,6.722762153664155,55.46444182413238,0.0
-2.213834008380551,9.078874034762034,88.15493415369632,1.0
42.05014061377882,5.229846007877814,55.23906257771447,0.0
0.6466041145628549,8.061051867572287,75.0878866795662,0.0
-5.875876891465162,18.297138270307816,74.50460919442551,0.0
0.8964581470395548,23.370146185564742,74.5226021254737,0.0
-1.3856877849564728,13.468718766350873,75.21088587606062,0.0
19.17442501826479,3.440109397571823,66.6140545168952,0.0
99.19908811025257,9.762036934959799,102.06728528233428,0.0
-0.4612159243813203,7.028366056869334,69.73174543126886,0.0
-4.308384628059848,6.880477779209063,60.027758670379875,0.0
-1.8040718484766747,12.2430544681615,52.89813924075333,0.0
18.503429983985882,1.3805911969572064,60.82859545396267,1.0
-6.9353404227033515,4.218594249340625,39.903605125070506,1.0
1.8173346466832057,8.279764168237126,75.66743693985975,1.0
13.58656933223951,9.67487468150198,73.18248320723659,0.0
31.481428950738625,7.3740503434308895,64.37464443580464,0.0
-1.7798215463424905,20.27572260322884,59.259040622247504,0.0
-4.659154812432432,3.9149619426654527,50.652828278104145,0.0
43.941241084262884,9.460936149437114,67.32226241543675,0.0
6.8726799524007625,4.88695710440402,60.72102231190496,0.0
-3.046217742347041,1.6252261965858452,63.32479789910235,0.0
-3.2324441069267453,6.4071709571870565,51.74835719830583,0.0
30.00714205887796,4.996251254395239,55.437296926613335,0.0
-0.6881860881406726,6.20648846207911,91.47757812089681,0.0
10.397506413221794,5.699318213473181,36.410859805490794,0.0
2.2165712766642773,12.39190982307839,62.625803910856746,0.0
1.0578706163371057,10.556550359385861,78.76754553971291,0.0
23.704121553235325,8.953001203497461,62.50160535777062,0.0
2.652927789227438,-0.24475664771540162,93.39506331465451,0.0
5.57412877014089,3.445868127514406,94.05123434063488,1.0
7.363180956854201,12.461052426942768,95.31129509135089,1.0
-3.466092898239959,12.879888444501233,106.27371270095266,1.0
1.769441780380875,4.444992139019015,75.34650348941659,0.0
2.2573143365427732,7.637134571369632,97.57034674054407,0.0
-0.9452409769069487,0.9031545784639573,78.26896033067439,0.0
-0.4627882469728207,2.888942511938209,77.02386138647779,0.0
0.7327680476301538,15.985832767374408,94.89835996205368,0.0
1.011376573276359,-0.7904058264478179,73.30473623165501,0.0
0.6446138703479677,10.201285327265762,49.32079459652013,1.0
4.063805898567245,1.7496869462880131,58.31748248828538,0.0
0.1258618289745349,19.102291208060436,53.03411201676378,0.0
7.615513248641369,9.402529107094683,87.1191903048614,0.0
5.422857351995063,8.809609049300287,78.82364039686944,0.0
-2.303519792906882,19.293679571948193,91.00374926741515,0.0
4.664262757716837,14.934239630300361,93.11414419292113,1.0
4.039097932697023,8.302773569077956,72.10516110156382,0.0
8.736879097216551,18.64156016867011,72.28320918583167,0.0
5.350306512125603,21.443838097870547,77.53349448036988,0.0
13.852044481985896,16.971501730726327,66.1998901777713,1.0
1.5849516453632555,2.9530682517778137,71.01011844279994,0.0
4.162147411488261,19.364671199560796,64.7650489628711,0.0
37.30349685171567,0.31651654110297,78.21519816581207,0.0
2.99449601487939,8.337769295254748,49.34552959580097,0.0
0.33338749718154936,4.996017803469163,68.0587580986888,0.0
-0.7328932498707722,9.175812385002832,70.16674696486439,0.0
1.7866850557660459,9.214035049528052,79.7482205019068,0.0
-1.8687089915402078,7.086126095702339,74.99456581323939,0.0
53.302601418679416,0.24989868755573386,69.6253672868234,0.0
-3.9632071623319263,2.401815069827453,68.15749855514179,0.0
35.791947286786275,19.19383335221124,86.28179539573478,0.0
-0.774470622309061,18.84241714067929,44.45309365734608,0.0
1.1706293159234376,-2.0259096292042695,97.64465874838135,0.0
0.5683242132262668,7.2671985549087355,54.493144936764224,0.0
-10.04987630344949,5.964459046831818,95.15341732634164,0.0
4.231736968716421,1.8767628481180654,76.48492760918568,1.0
-0.5744794058912102,7.361251494854491,77.268189606076,0.0
2.0579377721631813,-0.2522846713373511,97.58680365159067,0.0
1.724690965937244,18.936360831375744,32.34669432823441,0.0
71.2339590741146,25.555055625299833,71.85446692287917,0.0
2.5397485723714004,5.239249198021003,81.65718342817132,0.0
-0.9495797177642613,-0.06498741056863488,83.87365131627652,0.0
-4.6594402463876206,-1.0909013073560248,62.376369604417484,0.0
3.1836556403913105,14.508897215846211,78.38114200511069,0.0
52.528157493447615,5.293006069139493,77.23556486565329,0.0
-2.5985318659087806,6.796038786378787,78.42003225880535,0.0
-3.874692428481127,11.002718667825496,64.1281158867834,0.0
2.8739923627235955,7.5583900554921595,89.15768063189144,0.0
-4.0509250909482555,2.0112315750141048,88.308020615378,0.0
-3.3366469661482068,19.065116120744698,40.358360845128466,0.0
3.7584487943527263,4.296701566592461,81.39448745690308,0.0
-3.03581991738396,12.69460489493366,85.98122822317426,0.0
3.9000084935136883,7.097072567447871,86.2073149841504,0.0
22.15613227855798,8.636605482976925,34.02468525859123,0.0
0.8738531357279038,1.72550930789143,97.85649642629349,0.0
9.309869611752918,7.592197155284349,51.13749140375864,0.0
0.8813667434760073,-0.4480885057654617,83.05677422143582,0.0
4.368853037956553,-1.0294048256225103,83.555635728824,0.0
-2.7846029762273377,5.921341106643014,98.57867584240545,1.0
25.944738582655614,0.419669931834596,85.19260815975073,0.0
21.51907886509038,6.804071343587427,79.19614877755713,0.0
1.5620429518497427,6.530278237120537,89.69866854681676,0.0
5.580163140220156,2.7752720112510842,104.03619692465462,1.0
28.441795528845542,4.645885737784221,91.37880898690493,0.0
3.8635172235801267,9.103448200464863,96.08072421678396,0.0
-6.795307588668608,17.02853279445216,98.62031767944642,0.0
-4.031688752408923,10.204867894555345,64.2442369752975,0.0
-5.203312968894767,20.877572979897227,56.07688128319045,0.0
3.729336188712818,19.861283570450567,34.33372529942468,0.0
3.1544783610495517,11.480301174402486,91.33281379445334,0.0
-2.352713761246199,7.262413506720391,56.21725624631482,0.0
-2.682758824717677,10.120592324887461,96.9458853342942,0.0
2.8976273422715897,8.868616342281738,61.284547146891505,0.0
2.7486692963000876,12.72367137569615,92.30701114800637,0.0
-2.0280870283727195,5.27293376245981,51.227497934479054,0.0
-1.1350963356816766,3.5139107861042675,91.08058253815287,0.0
-1.1068393456293146,28.453199685395372,36.60219909989299,0.0
1.3225873267675667,1.783389332961414,102.62083174418542,1.0
58.52162066648942,1.3892894781033949,98.19680815090128,0.0
1.8266762625616146,21.869586909526724,34.589589134748614,0.0
2.7299267346348683,7.3272283832010165,69.19032234785492,0.0
-1.1571768815194934,4.690350722205432,55.77651318220062,0.0
7.526871262336076,25.89088023846581,96.67447101920831,0.0
-1.8430739680651371,2.281307728800521,96.06293729751786,0.0
-1.5916710371166087,17.084660970776348,46.827673557084275,0.0
10.819537485869093,0.12327264482270395,101.86028069055882,0.0
3.026599390624253,13.156616217263466,77.7018101167447,0.0
30.58364083488187,1.4046967349112323,51.22559758970916,1.0
6.863257480289478,5.763451110440487,42.40879727397648,1.0
0.3780167824313616,2.420988005444718,69.96035168159226,0.0
18.661855497656518,30.77960805766223,81.7137050886032,0.0
7.731746624533997,21.02613916049141,66.34186340535312,0.0
-0.11067583070636611,5.5068735404754525,98.89673844857842,0.0
3.424517782587689,12.961134711973855,56.837399095028836,0.0
17.66154764652448,19.14750930085649,96.97831915636283,0.0
-3.8007699595701987,11.527155072749485,72.6281531178339,0.0
-1.9584489063258737,6.322333970593796,53.1450545153622,0.0
9.329928749966658,4.496096742642965,79.37516331602622,1.0
6.800957457183745,2.328380167425903,96.55871102685668,0.0
-0.4799146828628713,6.531569383342789,95.03878868027459,0.0
7.816412777792449,9.171506742550216,89.19910356678267,0.0
50.90160416149117,2.560070105685414,56.241597382871745,0.0
27.386305798201377,8.777957166085848,93.62298137734905,0.0
-7.312666708855801,-1.725701498922079,64.06749951804191,0.0
3.0484629753729453,7.3771001764720445,101.23566482668,0.0
0.9267235975887583,5.081877562255855,60.12504674351688,0.0
2.0072229870732787,8.279298835003571,64.66228881569224,0.0
103.99400090836177,6.2278464260175905,84.92294646024357,0.0
3.8955356148060276,8.469508930506034,50.88086134577483,1.0
-4.471005510407891,6.038919282398143,66.68979532982743,0.0
5.084797513639211,8.290020838365209,50.43852933096637,0.0
7.944739526994918,6.0556921315557135,77.60553128666102,0.0
-0.5976118293061946,17.01241305546572,77.26794894146055,0.0
2.3631042034485787,1.771547211412177,89.06230620631963,0.0
12.514673091669032,-0.20262139141738875,60.92858767068907,0.0
-1.9366124228974706,1.7926584470693647,41.0999359863554,0.0
2.0983414225071892,-0.40815706216510733,75.37050407376073,0.0
3.982831748391469,15.662970316811293,44.4340807006999,1.0
15.691041017371756,9.263899976531581,91.77885252849255,1.0
0.9707396888911235,23.500172626821755,89.3130357196314,0.0
-1.6277581669872714,4.812846419507483,99.24619048811897,0.0
0.4129367484323302,9.503713038997386,84.71884566077392,0.0
1.0712216844951687,9.967539971136404,63.51363760427671,0.0
-7.141879742675441,15.105205362960621,89.42638188150806,0.0
4.768944030875285,5.162361987865759,73.51497167185408,0.0
-2.992668523135384,12.834017188155993,40.81256264239806,0.0
0.4250562720593765,17.71395387693333,79.66416933599643,0.0
-0.6334379477966299,-0.16678849388718675,101.81286656748757,0.0
-3.842654388672619,-0.270097996079634,75.3310913669282,0.0
6.612699073900439,7.767626402344826,72.91357668025209,0.0
51.608031792562215,6.56878826781715,76.84540251236248,0.0
38.8144544345433,8.714627672278782,60.46249365113438,0.0
2.318515748560457,9.800558969914672,88.22842743134511,0.0
3.579677381621689,7.572518494161769,85.17660928569023,0.0
-0.7634022616878362,4.315943571849402,83.23754299052912,1.0
2.7220898444899957,16.29963613084447,91.06355135148124,1.0
28.073228958047068,3.2833106866541986,53.84974902000615,0.0
-1.5191143584010323,13.780863558021622,91.56348566115537,0.0
0.3722491488655162,19.00989061528733,62.952918906402395,1.0
-1.1257441067527107,0.43203732119348975,92.30890181585904,0.0
0.8177716443276837,3.563372582923094,104.21321559125776,0.0
4.739756338801683,5.128988583695202,67.9137012468033,0.0
4.435498918154654,3.339975626302814,76.2780032477968,1.0
-2.0447571758277663,7.518613392619394,58.20836598655013,0.0
9.245932721382726,20.71268488926384,30.605770647522036,0.0
10.041381010719622,4.37135581579815,86.9305149558285,0.0
11.782056119187482,22.955963301743747,63.85343759107882,0.0
38.722397778298934,0.0327240633287811,96.42472618253399,0.0
21.906422181186056,10.272380987395234,87.10494774904018,0.0
-0.5767778154566194,19.052587800749087,65.93767880430359,0.0
9.691099924752017,8.120556906861616,64.30164840091615,0.0
31.076579554659503,7.685714163620045,90.33676012178401,0.0
47.01651575183077,6.23592066590385,98.70368522246618,0.0
-1.7005927718293785,9.81410951972777,99.17047733716788,0.0
22.765088373766677,5.911808520478531,107.47701454578367,0.0
0.8705181360227477,-2.3927919453637325,98.70576220206844,0.0
27.870945707872437,9.202361468516871,62.0962091216559,0.0
-2.0118076925367614,6.276507880029703,60.084759181172345,1.0
3.4485082181152387,-1.2197089873117815,50.122753022438594,1.0
-0.5148296190231685,13.972653530025609,54.239409382349706,0.0
2.739901450726546,10.858573969572024,89.32479236006493,0.0
59.24094887365922,13.959022508791254,92.40309719742817,0.0
2.419088860343111,1.4690282725044101,102.56070406955355,0.0
6.885781100640157,4.342154071978829,57.173149282879365,0.0
0.6702482909425012,6.713689593220934,86.73947972000084,0.0
-2.7165559007782183,8.739317599923805,70.83047359656928,1.0
16.579409861825233,10.206819609788806,92.1095061070886,0.0
-1.4408772714131655,8.853312322680969,95.00191644070001,1.0
-7.553541621772628,-1.1680569481496246,57.33768279448011,1.0
46.36170951642248,0.7740870070833851,100.94480018161198,0.0
6.219208411886126,8.822107566791534,47.108053530182886,0.0
-0.40311999910587215,10.98075765505658,51.99395208976241,0.0
7.895798535896612,2.5995216477899357,49.98351844446133,0.0
1.3469875793581216,9.397753597700632,73.30039745550386,1.0
3.1113869344168625,9.077754459488084,91.61418565627238,0.0
8.224726347028437,-0.026494522685428536,62.10466661025485,0.0
-1.074071394919686,7.511661046847618,76.18133349813236,0.0
0.7866062876790106,5.180154058296406,48.025278602860006,0.0
